0.000000e+00 1.967324e-20
9.457526e-06 1.829988e-20
1.891505e-05 1.688763e-20
2.837258e-05 1.544124e-20
3.783011e-05 1.396037e-20
4.728763e-05 1.244707e-20
5.674516e-05 1.090206e-20
6.620268e-05 9.326956e-21
7.566021e-05 7.722816e-21
8.511774e-05 6.091167e-21
9.457526e-05 4.433214e-21
1.040328e-04 2.750473e-21
1.134903e-04 1.044255e-21
1.229478e-04 -6.839090e-22
1.324054e-04 -2.432627e-21
1.418629e-04 -4.200343e-21
1.513204e-04 -5.985599e-21
1.607779e-04 -7.786810e-21
1.702355e-04 -9.602460e-21
1.796930e-04 -1.143093e-20
1.891505e-04 -1.327067e-20
1.986081e-04 -1.512002e-20
2.080656e-04 -1.697738e-20
2.175231e-04 -1.884109e-20
2.269806e-04 -2.070949e-20
2.364382e-04 -2.258090e-20
2.458957e-04 -2.445365e-20
2.553532e-04 -2.632601e-20
2.648107e-04 -2.819631e-20
2.742683e-04 -3.006280e-20
2.837258e-04 -3.192378e-20
2.931833e-04 -3.377750e-20
3.026408e-04 -3.562225e-20
3.120984e-04 -3.745626e-20
3.215559e-04 -3.927781e-20
3.310134e-04 -4.108515e-20
3.404709e-04 -4.287654e-20
3.499285e-04 -4.465023e-20
3.593860e-04 -4.640450e-20
3.688435e-04 -4.813760e-20
3.783011e-04 -4.984781e-20
3.877586e-04 -5.153340e-20
3.972161e-04 -5.319267e-20
4.066736e-04 -5.482391e-20
4.161312e-04 -5.642542e-20
4.255887e-04 -5.799552e-20
4.350462e-04 -5.953254e-20
4.445037e-04 -6.103484e-20
4.539613e-04 -6.250077e-20
4.634188e-04 -6.392871e-20
4.728763e-04 -6.531707e-20
4.823338e-04 -6.666425e-20
4.917914e-04 -6.796871e-20
5.012489e-04 -6.922890e-20
5.107064e-04 -7.044331e-20
5.201639e-04 -7.161046e-20
5.296215e-04 -7.272887e-20
5.390790e-04 -7.379711e-20
5.485365e-04 -7.481379e-20
5.579941e-04 -7.577753e-20
5.674516e-04 -7.668697e-20
5.769091e-04 -7.754082e-20
5.863666e-04 -7.833779e-20
5.958242e-04 -7.907664e-20
6.052817e-04 -7.975616e-20
6.147392e-04 -8.037520e-20
6.241967e-04 -8.093261e-20
6.336543e-04 -8.142731e-20
6.431118e-04 -8.185825e-20
6.525693e-04 -8.222441e-20
6.620268e-04 -8.252484e-20
6.714844e-04 -8.275861e-20
6.809419e-04 -8.292485e-20
6.903994e-04 -8.302273e-20
6.998569e-04 -8.305145e-20
7.093145e-04 -8.301030e-20
7.187720e-04 -8.289857e-20
7.282295e-04 -8.271562e-20
7.376871e-04 -8.246088e-20
7.471446e-04 -8.213381e-20
7.566021e-04 -8.173391e-20
7.660596e-04 -8.126076e-20
7.755172e-04 -8.071399e-20
7.849747e-04 -8.009325e-20
7.944322e-04 -7.939829e-20
8.038897e-04 -7.862889e-20
8.133473e-04 -7.778489e-20
8.228048e-04 -7.686619e-20
8.322623e-04 -7.587274e-20
8.417198e-04 -7.480456e-20
8.511774e-04 -7.366171e-20
8.606349e-04 -7.244432e-20
8.700924e-04 -7.115258e-20
8.795499e-04 -6.978673e-20
8.890075e-04 -6.834708e-20
8.984650e-04 -6.683399e-20
9.079225e-04 -6.524789e-20
9.173801e-04 -6.358927e-20
9.268376e-04 -6.185867e-20
9.362951e-04 -6.005669e-20
9.457526e-04 -5.818401e-20
9.552102e-04 -5.624134e-20
9.646677e-04 -5.422949e-20
9.741252e-04 -5.214929e-20
9.835827e-04 -5.000165e-20
9.930403e-04 -4.778755e-20
1.002498e-03 -4.550800e-20
1.011955e-03 -4.316411e-20
1.021413e-03 -4.075702e-20
1.030870e-03 -3.828793e-20
1.040328e-03 -3.575811e-20
1.049785e-03 -3.316889e-20
1.059243e-03 -3.052166e-20
1.068700e-03 -2.781785e-20
1.078158e-03 -2.505896e-20
1.087616e-03 -2.224656e-20
1.097073e-03 -1.938224e-20
1.106531e-03 -1.646768e-20
1.115988e-03 -1.350461e-20
1.125446e-03 -1.049479e-20
1.134903e-03 -7.440070e-21
1.144361e-03 -4.342320e-21
1.153818e-03 -1.203481e-21
1.163276e-03 1.974461e-21
1.172733e-03 5.189467e-21
1.182191e-03 8.439452e-21
1.191648e-03 1.172228e-20
1.201106e-03 1.503577e-20
1.210563e-03 1.837768e-20
1.220021e-03 2.174576e-20
1.229478e-03 2.513766e-20
1.238936e-03 2.855104e-20
1.248393e-03 3.198349e-20
1.257851e-03 3.543257e-20
1.267309e-03 3.889578e-20
1.276766e-03 4.237060e-20
1.286224e-03 4.585448e-20
1.295681e-03 4.934482e-20
1.305139e-03 5.283899e-20
1.314596e-03 5.633431e-20
1.324054e-03 5.982811e-20
1.333511e-03 6.331765e-20
1.342969e-03 6.680017e-20
1.352426e-03 7.027290e-20
1.361884e-03 7.373303e-20
1.371341e-03 7.717773e-20
1.380799e-03 8.060414e-20
1.390256e-03 8.400940e-20
1.399714e-03 8.739059e-20
1.409171e-03 9.074481e-20
1.418629e-03 9.406914e-20
1.428086e-03 9.736062e-20
1.437544e-03 1.006163e-19
1.447002e-03 1.038332e-19
1.456459e-03 1.070084e-19
1.465917e-03 1.101389e-19
1.475374e-03 1.132216e-19
1.484832e-03 1.162537e-19
1.494289e-03 1.192320e-19
1.503747e-03 1.221537e-19
1.513204e-03 1.250156e-19
1.522662e-03 1.278149e-19
1.532119e-03 1.305484e-19
1.541577e-03 1.332134e-19
1.551034e-03 1.358066e-19
1.560492e-03 1.383253e-19
1.569949e-03 1.407665e-19
1.579407e-03 1.431272e-19
1.588864e-03 1.454044e-19
1.598322e-03 1.475954e-19
1.607779e-03 1.496972e-19
1.617237e-03 1.517069e-19
1.626695e-03 1.536217e-19
1.636152e-03 1.554388e-19
1.645610e-03 1.571555e-19
1.655067e-03 1.587689e-19
1.664525e-03 1.602763e-19
1.673982e-03 1.616750e-19
1.683440e-03 1.629624e-19
1.692897e-03 1.641358e-19
1.702355e-03 1.651927e-19
1.711812e-03 1.661305e-19
1.721270e-03 1.669466e-19
1.730727e-03 1.676387e-19
1.740185e-03 1.682042e-19
1.749642e-03 1.686409e-19
1.759100e-03 1.689463e-19
1.768557e-03 1.691183e-19
1.778015e-03 1.691546e-19
1.787472e-03 1.690529e-19
1.796930e-03 1.688112e-19
1.806388e-03 1.684275e-19
1.815845e-03 1.678996e-19
1.825303e-03 1.672257e-19
1.834760e-03 1.664038e-19
1.844218e-03 1.654322e-19
1.853675e-03 1.643090e-19
1.863133e-03 1.630325e-19
1.872590e-03 1.616012e-19
1.882048e-03 1.600135e-19
1.891505e-03 1.582677e-19
1.900963e-03 1.563626e-19
1.910420e-03 1.542967e-19
1.919878e-03 1.520687e-19
1.929335e-03 1.496775e-19
1.938793e-03 1.471218e-19
1.948250e-03 1.444007e-19
1.957708e-03 1.415130e-19
1.967165e-03 1.384580e-19
1.976623e-03 1.352346e-19
1.986081e-03 1.318423e-19
1.995538e-03 1.282802e-19
2.004996e-03 1.245479e-19
2.014453e-03 1.206447e-19
2.023911e-03 1.165703e-19
2.033368e-03 1.123242e-19
2.042826e-03 1.079063e-19
2.052283e-03 1.033163e-19
2.061741e-03 9.855412e-20
2.071198e-03 9.361943e-20
2.080656e-03 8.851183e-20
2.090113e-03 8.323064e-20
2.099571e-03 7.777510e-20
2.109028e-03 7.214516e-20
2.118486e-03 6.634273e-20
2.127943e-03 6.037298e-20
2.137401e-03 5.424439e-20
2.146858e-03 4.796609e-20
2.156316e-03 4.154244e-20
2.165774e-03 3.496673e-20
2.175231e-03 2.821855e-20
2.184689e-03 2.126919e-20
2.194146e-03 1.409552e-20
2.203604e-03 6.696618e-21
2.213061e-03 -8.972025e-22
2.222519e-03 -8.631892e-21
2.231976e-03 -1.645364e-20
2.241434e-03 -2.433814e-20
2.250891e-03 -3.230785e-20
2.260349e-03 -4.042438e-20
2.269806e-03 -4.875689e-20
2.279264e-03 -5.734259e-20
2.288721e-03 -6.616205e-20
2.298179e-03 -7.514538e-20
2.307636e-03 -8.420793e-20
2.317094e-03 -9.329654e-20
2.326551e-03 -1.024196e-19
2.336009e-03 -1.116433e-19
2.345467e-03 -1.210553e-19
2.354924e-03 -1.307170e-19
2.364382e-03 -1.406315e-19
2.373839e-03 -1.507440e-19
2.383297e-03 -1.609727e-19
2.392754e-03 -1.712505e-19
2.402212e-03 -1.815542e-19
2.411669e-03 -1.919079e-19
2.421127e-03 -2.023604e-19
2.430584e-03 -2.129546e-19
2.440042e-03 -2.237041e-19
2.449499e-03 -2.345910e-19
2.458957e-03 -2.455811e-19
2.468414e-03 -2.566459e-19
2.477872e-03 -2.677771e-19
2.487329e-03 -2.789855e-19
2.496787e-03 -2.902879e-19
2.506244e-03 -3.016931e-19
2.515702e-03 -3.131950e-19
2.525160e-03 -3.247769e-19
2.534617e-03 -3.364220e-19
2.544075e-03 -3.481218e-19
2.553532e-03 -3.598773e-19
2.562990e-03 -3.716949e-19
2.572447e-03 -3.835790e-19
2.581905e-03 -3.955278e-19
2.591362e-03 -4.075331e-19
2.600820e-03 -4.195843e-19
2.610277e-03 -4.316721e-19
2.619735e-03 -4.437908e-19
2.629192e-03 -4.559382e-19
2.638650e-03 -4.681129e-19
2.648107e-03 -4.803126e-19
2.657565e-03 -4.925332e-19
2.667022e-03 -5.047693e-19
2.676480e-03 -5.170155e-19
2.685937e-03 -5.292673e-19
2.695395e-03 -5.415210e-19
2.704853e-03 -5.537734e-19
2.714310e-03 -5.660205e-19
2.723768e-03 -5.782577e-19
2.733225e-03 -5.904794e-19
2.742683e-03 -6.026798e-19
2.752140e-03 -6.148532e-19
2.761598e-03 -6.269949e-19
2.771055e-03 -6.391006e-19
2.780513e-03 -6.511664e-19
2.789970e-03 -6.631880e-19
2.799428e-03 -6.751607e-19
2.808885e-03 -6.870790e-19
2.818343e-03 -6.989373e-19
2.827800e-03 -7.107301e-19
2.837258e-03 -7.224524e-19
2.846715e-03 -7.340999e-19
2.856173e-03 -7.456677e-19
2.865630e-03 -7.571505e-19
2.875088e-03 -7.685424e-19
2.884546e-03 -7.798370e-19
2.894003e-03 -7.910281e-19
2.903461e-03 -8.021097e-19
2.912918e-03 -8.130755e-19
2.922376e-03 -8.239180e-19
2.931833e-03 -8.346287e-19
2.941291e-03 -8.451971e-19
2.950748e-03 -8.556114e-19
2.960206e-03 -8.658578e-19
2.969663e-03 -8.759211e-19
2.979121e-03 -8.857847e-19
2.988578e-03 -8.954318e-19
2.998036e-03 -9.048454e-19
3.007493e-03 -9.140076e-19
3.016951e-03 -9.228987e-19
3.026408e-03 -9.314937e-19
3.035866e-03 -9.397585e-19
3.045323e-03 -9.476446e-19
3.054781e-03 -9.550820e-19
3.064239e-03 -9.619711e-19
3.073696e-03 -9.681750e-19
3.083154e-03 -9.735124e-19
3.092611e-03 -9.777522e-19
3.102069e-03 -9.806117e-19
3.111526e-03 -9.817575e-19
3.120984e-03 -9.808105e-19
3.130441e-03 -9.773558e-19
3.139899e-03 -9.709556e-19
3.149356e-03 -9.611663e-19
3.158814e-03 -9.475569e-19
3.168271e-03 -9.297302e-19
3.177729e-03 -9.073442e-19
3.187186e-03 -8.801336e-19
3.196644e-03 -8.479297e-19
3.206101e-03 -8.106754e-19
3.215559e-03 -7.684335e-19
3.225016e-03 -7.213845e-19
3.234474e-03 -6.698132e-19
3.243932e-03 -6.140849e-19
3.253389e-03 -5.546151e-19
3.262847e-03 -4.918396e-19
3.272304e-03 -4.261902e-19
3.281762e-03 -3.580821e-19
3.291219e-03 -2.879137e-19
3.300677e-03 -2.160742e-19
3.310134e-03 -1.429528e-19
3.319592e-03 -6.894177e-20
3.329049e-03 5.571468e-21
3.338507e-03 8.022371e-20
3.347964e-03 1.547003e-19
3.357422e-03 2.287556e-19
3.366879e-03 3.022207e-19
3.376337e-03 3.749926e-19
3.385794e-03 4.470067e-19
3.395252e-03 5.182000e-19
3.404709e-03 5.884762e-19
3.414167e-03 6.576833e-19
3.423625e-03 7.256103e-19
3.433082e-03 7.920037e-19
3.442540e-03 8.565998e-19
3.451997e-03 9.191636e-19
3.461455e-03 9.795258e-19
3.470912e-03 1.037609e-18
3.480370e-03 1.093442e-18
3.489827e-03 1.147155e-18
3.499285e-03 1.198963e-18
3.508742e-03 1.249139e-18
3.518200e-03 1.297978e-18
3.527657e-03 1.345760e-18
3.537115e-03 1.392716e-18
3.546572e-03 1.439005e-18
3.556030e-03 1.484693e-18
3.565487e-03 1.529759e-18
3.574945e-03 1.574093e-18
3.584402e-03 1.617521e-18
3.593860e-03 1.659820e-18
3.603318e-03 1.700752e-18
3.612775e-03 1.740077e-18
3.622233e-03 1.777581e-18
3.631690e-03 1.813092e-18
3.641148e-03 1.846485e-18
3.650605e-03 1.877689e-18
3.660063e-03 1.906681e-18
3.669520e-03 1.933469e-18
3.678978e-03 1.958077e-18
3.688435e-03 1.980533e-18
3.697893e-03 2.000852e-18
3.707350e-03 2.019032e-18
3.716808e-03 2.035063e-18
3.726265e-03 2.048925e-18
3.735723e-03 2.060608e-18
3.745180e-03 2.070110e-18
3.754638e-03 2.077448e-18
3.764095e-03 2.082648e-18
3.773553e-03 2.085747e-18
3.783011e-03 2.086781e-18
3.792468e-03 2.085784e-18
3.801926e-03 2.082782e-18
3.811383e-03 2.077795e-18
3.820841e-03 2.070837e-18
3.830298e-03 2.061917e-18
3.839756e-03 2.051043e-18
3.849213e-03 2.038225e-18
3.858671e-03 2.023471e-18
3.868128e-03 2.006793e-18
3.877586e-03 1.988205e-18
3.887043e-03 1.967724e-18
3.896501e-03 1.945366e-18
3.905958e-03 1.921151e-18
3.915416e-03 1.895099e-18
3.924873e-03 1.867231e-18
3.934331e-03 1.837566e-18
3.943788e-03 1.806127e-18
3.953246e-03 1.772938e-18
3.962704e-03 1.738024e-18
3.972161e-03 1.701413e-18
3.981619e-03 1.663134e-18
3.991076e-03 1.623220e-18
4.000534e-03 1.581706e-18
4.009991e-03 1.538629e-18
4.019449e-03 1.494030e-18
4.028906e-03 1.447948e-18
4.038364e-03 1.400427e-18
4.047821e-03 1.351511e-18
4.057279e-03 1.301242e-18
4.066736e-03 1.249664e-18
4.076194e-03 1.196821e-18
4.085651e-03 1.142759e-18
4.095109e-03 1.087523e-18
4.104566e-03 1.031162e-18
4.114024e-03 9.737244e-19
4.123481e-03 9.152625e-19
4.132939e-03 8.558273e-19
4.142397e-03 7.954709e-19
4.151854e-03 7.342455e-19
4.161312e-03 6.722032e-19
4.170769e-03 6.093965e-19
4.180227e-03 5.458780e-19
4.189684e-03 4.817010e-19
4.199142e-03 4.169195e-19
4.208599e-03 3.515885e-19
4.218057e-03 2.857637e-19
4.227514e-03 2.195015e-19
4.236972e-03 1.528589e-19
4.246429e-03 8.589318e-20
4.255887e-03 1.866195e-20
4.265344e-03 -4.877701e-20
4.274802e-03 -1.163657e-19
4.284259e-03 -1.840457e-19
4.293717e-03 -2.517585e-19
4.303174e-03 -3.194454e-19
4.312632e-03 -3.870475e-19
4.322090e-03 -4.545055e-19
4.331547e-03 -5.217604e-19
4.341005e-03 -5.887530e-19
4.350462e-03 -6.554244e-19
4.359920e-03 -7.217157e-19
4.369377e-03 -7.875685e-19
4.378835e-03 -8.529241e-19
4.388292e-03 -9.177237e-19
4.397750e-03 -9.819081e-19
4.407207e-03 -1.045418e-18
4.416665e-03 -1.108194e-18
4.426122e-03 -1.170177e-18
4.435580e-03 -1.231308e-18
4.445037e-03 -1.291529e-18
4.454495e-03 -1.350782e-18
4.463952e-03 -1.409012e-18
4.473410e-03 -1.466163e-18
4.482867e-03 -1.522182e-18
4.492325e-03 -1.577016e-18
4.501783e-03 -1.630612e-18
4.511240e-03 -1.682920e-18
4.520698e-03 -1.733887e-18
4.530155e-03 -1.783465e-18
4.539613e-03 -1.831605e-18
4.549070e-03 -1.878258e-18
4.558528e-03 -1.923378e-18
4.567985e-03 -1.966917e-18
4.577443e-03 -2.008831e-18
4.586900e-03 -2.049075e-18
4.596358e-03 -2.087605e-18
4.605815e-03 -2.124377e-18
4.615273e-03 -2.159352e-18
4.624730e-03 -2.192491e-18
4.634188e-03 -2.223755e-18
4.643645e-03 -2.253110e-18
4.653103e-03 -2.280520e-18
4.662560e-03 -2.305954e-18
4.672018e-03 -2.329382e-18
4.681476e-03 -2.350775e-18
4.690933e-03 -2.370107e-18
4.700391e-03 -2.387356e-18
4.709848e-03 -2.402498e-18
4.719306e-03 -2.415515e-18
4.728763e-03 -2.426388e-18
4.738221e-03 -2.435101e-18
4.747678e-03 -2.441641e-18
4.757136e-03 -2.445993e-18
4.766593e-03 -2.448147e-18
4.776051e-03 -2.448093e-18
4.785508e-03 -2.445824e-18
4.794966e-03 -2.441336e-18
4.804423e-03 -2.434623e-18
4.813881e-03 -2.425686e-18
4.823338e-03 -2.414525e-18
4.832796e-03 -2.401144e-18
4.842253e-03 -2.385549e-18
4.851711e-03 -2.367749e-18
4.861169e-03 -2.347756e-18
4.870626e-03 -2.325583e-18
4.880084e-03 -2.301245e-18
4.889541e-03 -2.274760e-18
4.898999e-03 -2.246148e-18
4.908456e-03 -2.215429e-18
4.917914e-03 -2.182630e-18
4.927371e-03 -2.147775e-18
4.936829e-03 -2.110893e-18
4.946286e-03 -2.072012e-18
4.955744e-03 -2.031164e-18
4.965201e-03 -1.988380e-18
4.974659e-03 -1.943693e-18
4.984116e-03 -1.897137e-18
4.993574e-03 -1.848751e-18
5.003031e-03 -1.798571e-18
5.012489e-03 -1.746640e-18
5.021946e-03 -1.693000e-18
5.031404e-03 -1.637698e-18
5.040862e-03 -1.580783e-18
5.050319e-03 -1.522305e-18
5.059777e-03 -1.462317e-18
5.069234e-03 -1.400871e-18
5.078692e-03 -1.338019e-18
5.088149e-03 -1.273817e-18
5.097607e-03 -1.208319e-18
5.107064e-03 -1.141582e-18
5.116522e-03 -1.073661e-18
5.125979e-03 -1.004615e-18
5.135437e-03 -9.345013e-19
5.144894e-03 -8.633798e-19
5.154352e-03 -7.913114e-19
5.163809e-03 -7.183587e-19
5.173267e-03 -6.445857e-19
5.182724e-03 -5.700576e-19
5.192182e-03 -4.948405e-19
5.201639e-03 -4.190016e-19
5.211097e-03 -3.426087e-19
5.220555e-03 -2.657305e-19
5.230012e-03 -1.884360e-19
5.239470e-03 -1.107944e-19
5.248927e-03 -3.287506e-20
5.258385e-03 4.525250e-20
5.267842e-03 1.235180e-19
5.277300e-03 2.018505e-19
5.286757e-03 2.801779e-19
5.296215e-03 3.584276e-19
5.305672e-03 4.365268e-19
5.315130e-03 5.144026e-19
5.324587e-03 5.919822e-19
5.334045e-03 6.691929e-19
5.343502e-03 7.459625e-19
5.352960e-03 8.222185e-19
5.362417e-03 8.978894e-19
5.371875e-03 9.729037e-19
5.381332e-03 1.047191e-18
5.390790e-03 1.120680e-18
5.400248e-03 1.193301e-18
5.409705e-03 1.264985e-18
5.419163e-03 1.335662e-18
5.428620e-03 1.405262e-18
5.438078e-03 1.473715e-18
5.447535e-03 1.540954e-18
5.456993e-03 1.606909e-18
5.466450e-03 1.671516e-18
5.475908e-03 1.734707e-18
5.485365e-03 1.796420e-18
5.494823e-03 1.856591e-18
5.504280e-03 1.915158e-18
5.513738e-03 1.972059e-18
5.523195e-03 2.027232e-18
5.532653e-03 2.080616e-18
5.542110e-03 2.132151e-18
5.551568e-03 2.181776e-18
5.561025e-03 2.229436e-18
5.570483e-03 2.275073e-18
5.579941e-03 2.318634e-18
5.589398e-03 2.360068e-18
5.598856e-03 2.399326e-18
5.608313e-03 2.436358e-18
5.617771e-03 2.471122e-18
5.627228e-03 2.503573e-18
5.636686e-03 2.533672e-18
5.646143e-03 2.561380e-18
5.655601e-03 2.586661e-18
5.665058e-03 2.609483e-18
5.674516e-03 2.629813e-18
5.683973e-03 2.647622e-18
5.693431e-03 2.662885e-18
5.702888e-03 2.675578e-18
5.712346e-03 2.685681e-18
5.721803e-03 2.693177e-18
5.731261e-03 2.698053e-18
5.740718e-03 2.700298e-18
5.750176e-03 2.699904e-18
5.759634e-03 2.696863e-18
5.769091e-03 2.691168e-18
5.778549e-03 2.682818e-18
5.788006e-03 2.671811e-18
5.797464e-03 2.658151e-18
5.806921e-03 2.641844e-18
5.816379e-03 2.622902e-18
5.825836e-03 2.601335e-18
5.835294e-03 2.577160e-18
5.844751e-03 2.550393e-18
5.854209e-03 2.521053e-18
5.863666e-03 2.489160e-18
5.873124e-03 2.454740e-18
5.882581e-03 2.417819e-18
5.892039e-03 2.378429e-18
5.901496e-03 2.336604e-18
5.910954e-03 2.292382e-18
5.920411e-03 2.245803e-18
5.929869e-03 2.196909e-18
5.939327e-03 2.145746e-18
5.948784e-03 2.092361e-18
5.958242e-03 2.036804e-18
5.967699e-03 1.979127e-18
5.977157e-03 1.919384e-18
5.986614e-03 1.857634e-18
5.996072e-03 1.793934e-18
6.005529e-03 1.728349e-18
6.014987e-03 1.660942e-18
6.024444e-03 1.591779e-18
6.033902e-03 1.520929e-18
6.043359e-03 1.448460e-18
6.052817e-03 1.374442e-18
6.062274e-03 1.298947e-18
6.071732e-03 1.222049e-18
6.081189e-03 1.143822e-18
6.090647e-03 1.064342e-18
6.100104e-03 9.836879e-19
6.109562e-03 9.019383e-19
6.119020e-03 8.191742e-19
6.128477e-03 7.354780e-19
6.137935e-03 6.509332e-19
6.147392e-03 5.656247e-19
6.156850e-03 4.796385e-19
6.166307e-03 3.930613e-19
6.175765e-03 3.059804e-19
6.185222e-03 2.184838e-19
6.194680e-03 1.306601e-19
6.204137e-03 4.259842e-20
6.213595e-03 -4.561179e-20
6.223052e-03 -1.338810e-19
6.232510e-03 -2.221198e-19
6.241967e-03 -3.102394e-19
6.251425e-03 -3.981515e-19
6.260882e-03 -4.857684e-19
6.270340e-03 -5.730029e-19
6.279797e-03 -6.597681e-19
6.289255e-03 -7.459772e-19
6.298713e-03 -8.315438e-19
6.308170e-03 -9.163812e-19
6.317628e-03 -1.000403e-18
6.327085e-03 -1.083525e-18
6.336543e-03 -1.165660e-18
6.346000e-03 -1.246726e-18
6.355458e-03 -1.326639e-18
6.364915e-03 -1.405317e-18
6.374373e-03 -1.482679e-18
6.383830e-03 -1.558645e-18
6.393288e-03 -1.633137e-18
6.402745e-03 -1.706077e-18
6.412203e-03 -1.777390e-18
6.421660e-03 -1.847003e-18
6.431118e-03 -1.914841e-18
6.440575e-03 -1.980836e-18
6.450033e-03 -2.044916e-18
6.459490e-03 -2.107014e-18
6.468948e-03 -2.167063e-18
6.478406e-03 -2.224997e-18
6.487863e-03 -2.280753e-18
6.497321e-03 -2.334268e-18
6.506778e-03 -2.385483e-18
6.516236e-03 -2.434340e-18
6.525693e-03 -2.480785e-18
6.535151e-03 -2.524767e-18
6.544608e-03 -2.566235e-18
6.554066e-03 -2.605143e-18
6.563523e-03 -2.641447e-18
6.572981e-03 -2.675103e-18
6.582438e-03 -2.706072e-18
6.591896e-03 -2.734315e-18
6.601353e-03 -2.759794e-18
6.610811e-03 -2.782475e-18
6.620268e-03 -2.802325e-18
6.629726e-03 -2.819314e-18
6.639183e-03 -2.833416e-18
6.648641e-03 -2.844609e-18
6.658099e-03 -2.852874e-18
6.667556e-03 -2.858196e-18
6.677014e-03 -2.860565e-18
6.686471e-03 -2.859973e-18
6.695929e-03 -2.856412e-18
6.705386e-03 -2.849880e-18
6.714844e-03 -2.840375e-18
6.724301e-03 -2.827898e-18
6.733759e-03 -2.812452e-18
6.743216e-03 -2.794043e-18
6.752674e-03 -2.772682e-18
6.762131e-03 -2.748380e-18
6.771589e-03 -2.721156e-18
6.781046e-03 -2.691029e-18
6.790504e-03 -2.658026e-18
6.799961e-03 -2.622176e-18
6.809419e-03 -2.583513e-18
6.818876e-03 -2.542078e-18
6.828334e-03 -2.497914e-18
6.837792e-03 -2.451069e-18
6.847249e-03 -2.401594e-18
6.856707e-03 -2.349540e-18
6.866164e-03 -2.294962e-18
6.875622e-03 -2.237914e-18
6.885079e-03 -2.178450e-18
6.894537e-03 -2.116626e-18
6.903994e-03 -2.052501e-18
6.913452e-03 -1.986137e-18
6.922909e-03 -1.917600e-18
6.932367e-03 -1.846962e-18
6.941824e-03 -1.774298e-18
6.951282e-03 -1.699690e-18
6.960739e-03 -1.623221e-18
6.970197e-03 -1.544976e-18
6.979654e-03 -1.465044e-18
6.989112e-03 -1.383513e-18
6.998569e-03 -1.300473e-18
7.008027e-03 -1.216014e-18
7.017485e-03 -1.130226e-18
7.026942e-03 -1.043202e-18
7.036400e-03 -9.550321e-19
7.045857e-03 -8.658112e-19
7.055315e-03 -7.756337e-19
7.064772e-03 -6.845964e-19
7.074230e-03 -5.927982e-19
7.083687e-03 -5.003401e-19
7.093145e-03 -4.073252e-19
7.102602e-03 -3.138579e-19
7.112060e-03 -2.200426e-19
7.121517e-03 -1.259829e-19
7.130975e-03 -3.178055e-20
7.140432e-03 6.246518e-20
7.149890e-03 1.566568e-19
7.159347e-03 2.506973e-19
7.168805e-03 3.444889e-19
7.178262e-03 4.379314e-19
7.187720e-03 5.309217e-19
7.197178e-03 6.233546e-19
7.206635e-03 7.151243e-19
7.216093e-03 8.061260e-19
7.225550e-03 8.962583e-19
7.235008e-03 9.854237e-19
7.244465e-03 1.073529e-18
7.253923e-03 1.160486e-18
7.263380e-03 1.246207e-18
7.272838e-03 1.330607e-18
7.282295e-03 1.413600e-18
7.291753e-03 1.495099e-18
7.301210e-03 1.575016e-18
7.310668e-03 1.653264e-18
7.320125e-03 1.729755e-18
7.329583e-03 1.804404e-18
7.339040e-03 1.877128e-18
7.348498e-03 1.947848e-18
7.357955e-03 2.016489e-18
7.367413e-03 2.082982e-18
7.376871e-03 2.147260e-18
7.386328e-03 2.209263e-18
7.395786e-03 2.268934e-18
7.405243e-03 2.326219e-18
7.414701e-03 2.381067e-18
7.424158e-03 2.433427e-18
7.433616e-03 2.483248e-18
7.443073e-03 2.530480e-18
7.452531e-03 2.575074e-18
7.461988e-03 2.616986e-18
7.471446e-03 2.656173e-18
7.480903e-03 2.692599e-18
7.490361e-03 2.726228e-18
7.499818e-03 2.757024e-18
7.509276e-03 2.784954e-18
7.518733e-03 2.809986e-18
7.528191e-03 2.832088e-18
7.537648e-03 2.851235e-18
7.547106e-03 2.867405e-18
7.556564e-03 2.880583e-18
7.566021e-03 2.890756e-18
7.575479e-03 2.897917e-18
7.584936e-03 2.902057e-18
7.594394e-03 2.903173e-18
7.603851e-03 2.901258e-18
7.613309e-03 2.896308e-18
7.622766e-03 2.888320e-18
7.632224e-03 2.877298e-18
7.641681e-03 2.863247e-18
7.651139e-03 2.846181e-18
7.660596e-03 2.826117e-18
7.670054e-03 2.803076e-18
7.679511e-03 2.777081e-18
7.688969e-03 2.748156e-18
7.698426e-03 2.716328e-18
7.707884e-03 2.681626e-18
7.717341e-03 2.644083e-18
7.726799e-03 2.603734e-18
7.736257e-03 2.560620e-18
7.745714e-03 2.514784e-18
7.755172e-03 2.466272e-18
7.764629e-03 2.415137e-18
7.774087e-03 2.361435e-18
7.783544e-03 2.305229e-18
7.793002e-03 2.246586e-18
7.802459e-03 2.185576e-18
7.811917e-03 2.122276e-18
7.821374e-03 2.056761e-18
7.830832e-03 1.989104e-18
7.840289e-03 1.919379e-18
7.849747e-03 1.847655e-18
7.859204e-03 1.773999e-18
7.868662e-03 1.698481e-18
7.878119e-03 1.621169e-18
7.887577e-03 1.542135e-18
7.897034e-03 1.461454e-18
7.906492e-03 1.379207e-18
7.915950e-03 1.295477e-18
7.925407e-03 1.210350e-18
7.934865e-03 1.123917e-18
7.944322e-03 1.036269e-18
7.953780e-03 9.474981e-19
7.963237e-03 8.576997e-19
7.972695e-03 7.669678e-19
7.982152e-03 6.753967e-19
7.991610e-03 5.830806e-19
8.001067e-03 4.901144e-19
8.010525e-03 3.965942e-19
8.019982e-03 3.026184e-19
8.029440e-03 2.082876e-19
8.038897e-03 1.137048e-19
8.048355e-03 1.897478e-20
8.057812e-03 -7.579613e-20
8.067270e-03 -1.705011e-19
8.076727e-03 -2.650334e-19
8.086185e-03 -3.592873e-19
8.095643e-03 -4.531582e-19
8.105100e-03 -5.465427e-19
8.114558e-03 -6.393378e-19
8.124015e-03 -7.314407e-19
8.133473e-03 -8.227478e-19
8.142930e-03 -9.131547e-19
8.152388e-03 -1.002557e-18
8.161845e-03 -1.090852e-18
8.171303e-03 -1.177939e-18
8.180760e-03 -1.263719e-18
8.190218e-03 -1.348101e-18
8.199675e-03 -1.430994e-18
8.209133e-03 -1.512312e-18
8.218590e-03 -1.591972e-18
8.228048e-03 -1.669889e-18
8.237505e-03 -1.745982e-18
8.246963e-03 -1.820167e-18
8.256420e-03 -1.892364e-18
8.265878e-03 -1.962492e-18
8.275336e-03 -2.030475e-18
8.284793e-03 -2.096239e-18
8.294251e-03 -2.159715e-18
8.303708e-03 -2.220840e-18
8.313166e-03 -2.279552e-18
8.322623e-03 -2.335794e-18
8.332081e-03 -2.389512e-18
8.341538e-03 -2.440654e-18
8.350996e-03 -2.489168e-18
8.360453e-03 -2.535007e-18
8.369911e-03 -2.578124e-18
8.379368e-03 -2.618473e-18
8.388826e-03 -2.656013e-18
8.398283e-03 -2.690703e-18
8.407741e-03 -2.722508e-18
8.417198e-03 -2.751397e-18
8.426656e-03 -2.777341e-18
8.436113e-03 -2.800319e-18
8.445571e-03 -2.820309e-18
8.455029e-03 -2.837297e-18
8.464486e-03 -2.851269e-18
8.473944e-03 -2.862212e-18
8.483401e-03 -2.870120e-18
8.492859e-03 -2.874988e-18
8.502316e-03 -2.876814e-18
8.511774e-03 -2.875601e-18
8.521231e-03 -2.871355e-18
8.530689e-03 -2.864086e-18
8.540146e-03 -2.853806e-18
8.549604e-03 -2.840528e-18
8.559061e-03 -2.824271e-18
8.568519e-03 -2.805053e-18
8.577976e-03 -2.782897e-18
8.587434e-03 -2.757826e-18
8.596891e-03 -2.729867e-18
8.606349e-03 -2.699050e-18
8.615806e-03 -2.665406e-18
8.625264e-03 -2.628971e-18
8.634722e-03 -2.589781e-18
8.644179e-03 -2.547877e-18
8.653637e-03 -2.503301e-18
8.663094e-03 -2.456101e-18
8.672552e-03 -2.406324e-18
8.682009e-03 -2.354023e-18
8.691467e-03 -2.299253e-18
8.700924e-03 -2.242069e-18
8.710382e-03 -2.182531e-18
8.719839e-03 -2.120701e-18
8.729297e-03 -2.056642e-18
8.738754e-03 -1.990418e-18
8.748212e-03 -1.922098e-18
8.757669e-03 -1.851749e-18
8.767127e-03 -1.779444e-18
8.776584e-03 -1.705255e-18
8.786042e-03 -1.629258e-18
8.795499e-03 -1.551530e-18
8.804957e-03 -1.472153e-18
8.814415e-03 -1.391206e-18
8.823872e-03 -1.308775e-18
8.833330e-03 -1.224944e-18
8.842787e-03 -1.139798e-18
8.852245e-03 -1.053424e-18
8.861702e-03 -9.659080e-19
8.871160e-03 -8.773387e-19
8.880617e-03 -7.878039e-19
8.890075e-03 -6.973933e-19
8.899532e-03 -6.061970e-19
8.908990e-03 -5.143067e-19
8.918447e-03 -4.218153e-19
8.927905e-03 -3.288169e-19
8.937362e-03 -2.354078e-19
8.946820e-03 -1.416861e-19
8.956277e-03 -4.775253e-20
8.965735e-03 4.628999e-20
8.975193e-03 1.403371e-19
8.984650e-03 2.342842e-19
8.994108e-03 3.280280e-19
9.003565e-03 4.214680e-19
9.013023e-03 5.145073e-19
9.022480e-03 6.070530e-19
9.031938e-03 6.990150e-19
9.041395e-03 7.903049e-19
9.050853e-03 8.808339e-19
9.060310e-03 9.705112e-19
9.069768e-03 1.059243e-18
9.079225e-03 1.146932e-18
9.088683e-03 1.233478e-18
9.098140e-03 1.318779e-18
9.107598e-03 1.402736e-18
9.117055e-03 1.485249e-18
9.126513e-03 1.566222e-18
9.135970e-03 1.645558e-18
9.145428e-03 1.723168e-18
9.154886e-03 1.798960e-18
9.164343e-03 1.872848e-18
9.173801e-03 1.944750e-18
9.183258e-03 2.014585e-18
9.192716e-03 2.082280e-18
9.202173e-03 2.147763e-18
9.211631e-03 2.210966e-18
9.221088e-03 2.271820e-18
9.230546e-03 2.330257e-18
9.240003e-03 2.386205e-18
9.249461e-03 2.439596e-18
9.258918e-03 2.490359e-18
9.268376e-03 2.538430e-18
9.277833e-03 2.583749e-18
9.287291e-03 2.626262e-18
9.296748e-03 2.665919e-18
9.306206e-03 2.702675e-18
9.315663e-03 2.736488e-18
9.325121e-03 2.767319e-18
9.334579e-03 2.795130e-18
9.344036e-03 2.819888e-18
9.353494e-03 2.841563e-18
9.362951e-03 2.860131e-18
9.372409e-03 2.875570e-18
9.381866e-03 2.887863e-18
9.391324e-03 2.896994e-18
9.400781e-03 2.902948e-18
9.410239e-03 2.905711e-18
9.419696e-03 2.905272e-18
9.429154e-03 2.901623e-18
9.438611e-03 2.894764e-18
9.448069e-03 2.884700e-18
9.457526e-03 2.871444e-18
9.466984e-03 2.855015e-18
9.476441e-03 2.835434e-18
9.485899e-03 2.812724e-18
9.495356e-03 2.786910e-18
9.504814e-03 2.758018e-18
9.514272e-03 2.726074e-18
9.523729e-03 2.691109e-18
9.533187e-03 2.653158e-18
9.542644e-03 2.612259e-18
9.552102e-03 2.568454e-18
9.561559e-03 2.521788e-18
9.571017e-03 2.472309e-18
9.580474e-03 2.420066e-18
9.589932e-03 2.365110e-18
9.599389e-03 2.307495e-18
9.608847e-03 2.247282e-18
9.618304e-03 2.184532e-18
9.627762e-03 2.119316e-18
9.637219e-03 2.051708e-18
9.646677e-03 1.981784e-18
9.656134e-03 1.909629e-18
9.665592e-03 1.835327e-18
9.675049e-03 1.758964e-18
9.684507e-03 1.680630e-18
9.693965e-03 1.600414e-18
9.703422e-03 1.518407e-18
9.712880e-03 1.434701e-18
9.722337e-03 1.349392e-18
9.731795e-03 1.262576e-18
9.741252e-03 1.174351e-18
9.750710e-03 1.084817e-18
9.760167e-03 9.940725e-19
9.769625e-03 9.022129e-19
9.779082e-03 8.093321e-19
9.788540e-03 7.155211e-19
9.797997e-03 6.208703e-19
9.807455e-03 5.254706e-19
9.816912e-03 4.294156e-19
9.826370e-03 3.328029e-19
9.835827e-03 2.357350e-19
9.845285e-03 1.383192e-19
9.854742e-03 4.066593e-20
9.864200e-03 -5.711272e-20
9.873658e-03 -1.549058e-19
9.883115e-03 -2.526057e-19
9.892573e-03 -3.501093e-19
9.902030e-03 -4.473181e-19
9.911488e-03 -5.441370e-19
9.920945e-03 -6.404732e-19
9.930403e-03 -7.362336e-19
9.939860e-03 -8.313232e-19
9.949318e-03 -9.256438e-19
9.958775e-03 -1.019093e-18
9.968233e-03 -1.111563e-18
9.977690e-03 -1.202943e-18
9.987148e-03 -1.293120e-18
9.996605e-03 -1.381982e-18
1.000606e-02 -1.469419e-18
1.001552e-02 -1.555325e-18
1.002498e-02 -1.639597e-18
1.003444e-02 -1.722137e-18
1.004389e-02 -1.802848e-18
1.005335e-02 -1.881631e-18
1.006281e-02 -1.958391e-18
1.007227e-02 -2.033030e-18
1.008172e-02 -2.105452e-18
1.009118e-02 -2.175563e-18
1.010064e-02 -2.243275e-18
1.011010e-02 -2.308501e-18
1.011955e-02 -2.371163e-18
1.012901e-02 -2.431186e-18
1.013847e-02 -2.488497e-18
1.014793e-02 -2.543025e-18
1.015738e-02 -2.594699e-18
1.016684e-02 -2.643449e-18
1.017630e-02 -2.689209e-18
1.018576e-02 -2.731912e-18
1.019521e-02 -2.771496e-18
1.020467e-02 -2.807902e-18
1.021413e-02 -2.841074e-18
1.022359e-02 -2.870958e-18
1.023304e-02 -2.897507e-18
1.024250e-02 -2.920677e-18
1.025196e-02 -2.940430e-18
1.026142e-02 -2.956734e-18
1.027087e-02 -2.969563e-18
1.028033e-02 -2.978898e-18
1.028979e-02 -2.984721e-18
1.029925e-02 -2.987023e-18
1.030870e-02 -2.985792e-18
1.031816e-02 -2.981023e-18
1.032762e-02 -2.972712e-18
1.033708e-02 -2.960858e-18
1.034653e-02 -2.945461e-18
1.035599e-02 -2.926528e-18
1.036545e-02 -2.904067e-18
1.037491e-02 -2.878092e-18
1.038436e-02 -2.848622e-18
1.039382e-02 -2.815680e-18
1.040328e-02 -2.779295e-18
1.041274e-02 -2.739504e-18
1.042219e-02 -2.696346e-18
1.043165e-02 -2.649868e-18
1.044111e-02 -2.600120e-18
1.045057e-02 -2.547154e-18
1.046002e-02 -2.491028e-18
1.046948e-02 -2.431802e-18
1.047894e-02 -2.369538e-18
1.048840e-02 -2.304305e-18
1.049785e-02 -2.236176e-18
1.050731e-02 -2.165229e-18
1.051677e-02 -2.091546e-18
1.052623e-02 -2.015214e-18
1.053568e-02 -1.936324e-18
1.054514e-02 -1.854968e-18
1.055460e-02 -1.771243e-18
1.056406e-02 -1.685243e-18
1.057351e-02 -1.597066e-18
1.058297e-02 -1.506809e-18
1.059243e-02 -1.414573e-18
1.060189e-02 -1.320459e-18
1.061134e-02 -1.224574e-18
1.062080e-02 -1.127028e-18
1.063026e-02 -1.027934e-18
1.063972e-02 -9.274110e-19
1.064917e-02 -8.255810e-19
1.065863e-02 -7.225686e-19
1.066809e-02 -6.185011e-19
1.067755e-02 -5.135077e-19
1.068700e-02 -4.077192e-19
1.069646e-02 -3.012677e-19
1.070592e-02 -1.942867e-19
1.071538e-02 -8.691065e-20
1.072483e-02 2.072544e-20
1.073429e-02 1.284862e-19
1.074375e-02 2.362360e-19
1.075321e-02 3.438383e-19
1.076266e-02 4.511555e-19
1.077212e-02 5.580485e-19
1.078158e-02 6.643776e-19
1.079104e-02 7.700041e-19
1.080050e-02 8.747925e-19
1.080995e-02 9.786126e-19
1.081941e-02 1.081341e-18
1.082887e-02 1.182861e-18
1.083833e-02 1.283059e-18
1.084778e-02 1.381821e-18
1.085724e-02 1.479032e-18
1.086670e-02 1.574568e-18
1.087616e-02 1.668301e-18
1.088561e-02 1.760099e-18
1.089507e-02 1.849830e-18
1.090453e-02 1.937364e-18
1.091399e-02 2.022583e-18
1.092344e-02 2.105374e-18
1.093290e-02 2.185630e-18
1.094236e-02 2.263253e-18
1.095182e-02 2.338140e-18
1.096127e-02 2.410192e-18
1.097073e-02 2.479305e-18
1.098019e-02 2.545376e-18
1.098965e-02 2.608301e-18
1.099910e-02 2.667982e-18
1.100856e-02 2.724324e-18
1.101802e-02 2.777242e-18
1.102748e-02 2.826659e-18
1.103693e-02 2.872506e-18
1.104639e-02 2.914723e-18
1.105585e-02 2.953255e-18
1.106531e-02 2.988051e-18
1.107476e-02 3.019061e-18
1.108422e-02 3.046236e-18
1.109368e-02 3.069526e-18
1.110314e-02 3.088882e-18
1.111259e-02 3.104258e-18
1.112205e-02 3.115617e-18
1.113151e-02 3.122926e-18
1.114097e-02 3.126165e-18
1.115042e-02 3.125323e-18
1.115988e-02 3.120394e-18
1.116934e-02 3.111382e-18
1.117880e-02 3.098291e-18
1.118825e-02 3.081126e-18
1.119771e-02 3.059893e-18
1.120717e-02 3.034601e-18
1.121663e-02 3.005262e-18
1.122608e-02 2.971893e-18
1.123554e-02 2.934520e-18
1.124500e-02 2.893178e-18
1.125446e-02 2.847909e-18
1.126391e-02 2.798763e-18
1.127337e-02 2.745794e-18
1.128283e-02 2.689062e-18
1.129229e-02 2.628627e-18
1.130174e-02 2.564557e-18
1.131120e-02 2.496921e-18
1.132066e-02 2.425793e-18
1.133012e-02 2.351250e-18
1.133957e-02 2.273378e-18
1.134903e-02 2.192267e-18
1.135849e-02 2.108012e-18
1.136795e-02 2.020718e-18
1.137740e-02 1.930497e-18
1.138686e-02 1.837469e-18
1.139632e-02 1.741764e-18
1.140578e-02 1.643520e-18
1.141523e-02 1.542884e-18
1.142469e-02 1.440004e-18
1.143415e-02 1.335033e-18
1.144361e-02 1.228123e-18
1.145306e-02 1.119423e-18
1.146252e-02 1.009078e-18
1.147198e-02 8.972314e-19
1.148144e-02 7.840220e-19
1.149089e-02 6.695902e-19
1.150035e-02 5.540788e-19
1.150981e-02 4.376364e-19
1.151927e-02 3.204198e-19
1.152872e-02 2.025951e-19
1.153818e-02 8.433680e-20
1.154764e-02 -3.417479e-20
1.155710e-02 -1.527580e-19
1.156655e-02 -2.712341e-19
1.157601e-02 -3.894308e-19
1.158547e-02 -5.071844e-19
1.159493e-02 -6.243388e-19
1.160438e-02 -7.407443e-19
1.161384e-02 -8.562544e-19
1.162330e-02 -9.707233e-19
1.163276e-02 -1.084004e-18
1.164221e-02 -1.195946e-18
1.165167e-02 -1.306395e-18
1.166113e-02 -1.415193e-18
1.167059e-02 -1.522180e-18
1.168005e-02 -1.627192e-18
1.168950e-02 -1.730068e-18
1.169896e-02 -1.830651e-18
1.170842e-02 -1.928791e-18
1.171788e-02 -2.024345e-18
1.172733e-02 -2.117179e-18
1.173679e-02 -2.207160e-18
1.174625e-02 -2.294156e-18
1.175571e-02 -2.378033e-18
1.176516e-02 -2.458657e-18
1.177462e-02 -2.535892e-18
1.178408e-02 -2.609606e-18
1.179354e-02 -2.679676e-18
1.180299e-02 -2.745989e-18
1.181245e-02 -2.808442e-18
1.182191e-02 -2.866941e-18
1.183137e-02 -2.921400e-18
1.184082e-02 -2.971737e-18
1.185028e-02 -3.017872e-18
1.185974e-02 -3.059726e-18
1.186920e-02 -3.097221e-18
1.187865e-02 -3.130283e-18
1.188811e-02 -3.158845e-18
1.189757e-02 -3.182846e-18
1.190703e-02 -3.202236e-18
1.191648e-02 -3.216974e-18
1.192594e-02 -3.227029e-18
1.193540e-02 -3.232380e-18
1.194486e-02 -3.233012e-18
1.195431e-02 -3.228919e-18
1.196377e-02 -3.220100e-18
1.197323e-02 -3.206560e-18
1.198269e-02 -3.188308e-18
1.199214e-02 -3.165360e-18
1.200160e-02 -3.137737e-18
1.201106e-02 -3.105467e-18
1.202052e-02 -3.068584e-18
1.202997e-02 -3.027134e-18
1.203943e-02 -2.981168e-18
1.204889e-02 -2.930750e-18
1.205835e-02 -2.875953e-18
1.206780e-02 -2.816855e-18
1.207726e-02 -2.753545e-18
1.208672e-02 -2.686112e-18
1.209618e-02 -2.614650e-18
1.210563e-02 -2.539256e-18
1.211509e-02 -2.460027e-18
1.212455e-02 -2.377064e-18
1.213401e-02 -2.290472e-18
1.214346e-02 -2.200363e-18
1.215292e-02 -2.106856e-18
1.216238e-02 -2.010078e-18
1.217184e-02 -1.910168e-18
1.218129e-02 -1.807272e-18
1.219075e-02 -1.701544e-18
1.220021e-02 -1.593146e-18
1.220967e-02 -1.482242e-18
1.221912e-02 -1.369006e-18
1.222858e-02 -1.253613e-18
1.223804e-02 -1.136241e-18
1.224750e-02 -1.017075e-18
1.225695e-02 -8.962955e-19
1.226641e-02 -7.740867e-19
1.227587e-02 -6.506298e-19
1.228533e-02 -5.261035e-19
1.229478e-02 -4.006850e-19
1.230424e-02 -2.745506e-19
1.231370e-02 -1.478783e-19
1.232316e-02 -2.084948e-20
1.233261e-02 1.063501e-19
1.234207e-02 2.335300e-19
1.235153e-02 3.604960e-19
1.236099e-02 4.870508e-19
1.237044e-02 6.129956e-19
1.237990e-02 7.381300e-19
1.238936e-02 8.622526e-19
1.239882e-02 9.851613e-19
1.240827e-02 1.106653e-18
1.241773e-02 1.226528e-18
1.242719e-02 1.344587e-18
1.243665e-02 1.460642e-18
1.244610e-02 1.574514e-18
1.245556e-02 1.686037e-18
1.246502e-02 1.795059e-18
1.247448e-02 1.901434e-18
1.248393e-02 2.005021e-18
1.249339e-02 2.105674e-18
1.250285e-02 2.203238e-18
1.251231e-02 2.297551e-18
1.252176e-02 2.388447e-18
1.253122e-02 2.475756e-18
1.254068e-02 2.559313e-18
1.255014e-02 2.638963e-18
1.255959e-02 2.714557e-18
1.256905e-02 2.785957e-18
1.257851e-02 2.853030e-18
1.258797e-02 2.915656e-18
1.259743e-02 2.973722e-18
1.260688e-02 3.027127e-18
1.261634e-02 3.075788e-18
1.262580e-02 3.119636e-18
1.263526e-02 3.158617e-18
1.264471e-02 3.192686e-18
1.265417e-02 3.221802e-18
1.266363e-02 3.245923e-18
1.267309e-02 3.265003e-18
1.268254e-02 3.278990e-18
1.269200e-02 3.287833e-18
1.270146e-02 3.291481e-18
1.271092e-02 3.289892e-18
1.272037e-02 3.283038e-18
1.272983e-02 3.270913e-18
1.273929e-02 3.253528e-18
1.274875e-02 3.230921e-18
1.275820e-02 3.203146e-18
1.276766e-02 3.170273e-18
1.277712e-02 3.132376e-18
1.278658e-02 3.089531e-18
1.279603e-02 3.041810e-18
1.280549e-02 2.989281e-18
1.281495e-02 2.932011e-18
1.282441e-02 2.870071e-18
1.283386e-02 2.803544e-18
1.284332e-02 2.732522e-18
1.285278e-02 2.657114e-18
1.286224e-02 2.577435e-18
1.287169e-02 2.493610e-18
1.288115e-02 2.405766e-18
1.289061e-02 2.314032e-18
1.290007e-02 2.218539e-18
1.290952e-02 2.119421e-18
1.291898e-02 2.016817e-18
1.292844e-02 1.910879e-18
1.293790e-02 1.801768e-18
1.294735e-02 1.689660e-18
1.295681e-02 1.574741e-18
1.296627e-02 1.457209e-18
1.297573e-02 1.337265e-18
1.298518e-02 1.215117e-18
1.299464e-02 1.090971e-18
1.300410e-02 9.650323e-19
1.301356e-02 8.375053e-19
1.302301e-02 7.085928e-19
1.303247e-02 5.784985e-19
1.304193e-02 4.474284e-19
1.305139e-02 3.155919e-19
1.306084e-02 1.832020e-19
1.307030e-02 5.047445e-20
1.307976e-02 -8.237302e-20
1.308922e-02 -2.151219e-19
1.309867e-02 -3.475545e-19
1.310813e-02 -4.794546e-19
1.311759e-02 -6.106100e-19
1.312705e-02 -7.408127e-19
1.313650e-02 -8.698605e-19
1.314596e-02 -9.975558e-19
1.315542e-02 -1.123704e-18
1.316488e-02 -1.248111e-18
1.317433e-02 -1.370580e-18
1.318379e-02 -1.490907e-18
1.319325e-02 -1.608883e-18
1.320271e-02 -1.724296e-18
1.321216e-02 -1.836934e-18
1.322162e-02 -1.946591e-18
1.323108e-02 -2.053074e-18
1.324054e-02 -2.156208e-18
1.324999e-02 -2.255834e-18
1.325945e-02 -2.351807e-18
1.326891e-02 -2.443991e-18
1.327837e-02 -2.532255e-18
1.328782e-02 -2.616464e-18
1.329728e-02 -2.696478e-18
1.330674e-02 -2.772152e-18
1.331620e-02 -2.843338e-18
1.332565e-02 -2.909895e-18
1.333511e-02 -2.971690e-18
1.334457e-02 -3.028604e-18
1.335403e-02 -3.080535e-18
1.336348e-02 -3.127392e-18
1.337294e-02 -3.169097e-18
1.338240e-02 -3.205582e-18
1.339186e-02 -3.236780e-18
1.340131e-02 -3.262634e-18
1.341077e-02 -3.283091e-18
1.342023e-02 -3.298107e-18
1.342969e-02 -3.307649e-18
1.343914e-02 -3.311693e-18
1.344860e-02 -3.310222e-18
1.345806e-02 -3.303227e-18
1.346752e-02 -3.290703e-18
1.347698e-02 -3.272649e-18
1.348643e-02 -3.249069e-18
1.349589e-02 -3.219979e-18
1.350535e-02 -3.185407e-18
1.351481e-02 -3.145399e-18
1.352426e-02 -3.100020e-18
1.353372e-02 -3.049347e-18
1.354318e-02 -2.993474e-18
1.355264e-02 -2.932496e-18
1.356209e-02 -2.866515e-18
1.357155e-02 -2.795633e-18
1.358101e-02 -2.719953e-18
1.359047e-02 -2.639587e-18
1.359992e-02 -2.554653e-18
1.360938e-02 -2.465283e-18
1.361884e-02 -2.371620e-18
1.362830e-02 -2.273820e-18
1.363775e-02 -2.172047e-18
1.364721e-02 -2.066472e-18
1.365667e-02 -1.957271e-18
1.366613e-02 -1.844623e-18
1.367558e-02 -1.728713e-18
1.368504e-02 -1.609727e-18
1.369450e-02 -1.487858e-18
1.370396e-02 -1.363306e-18
1.371341e-02 -1.236274e-18
1.372287e-02 -1.106972e-18
1.373233e-02 -9.756166e-19
1.374179e-02 -8.424264e-19
1.375124e-02 -7.076241e-19
1.376070e-02 -5.714348e-19
1.377016e-02 -4.340863e-19
1.377962e-02 -2.958089e-19
1.378907e-02 -1.568371e-19
1.379853e-02 -1.740954e-20
1.380799e-02 1.222312e-19
1.381745e-02 2.618402e-19
1.382690e-02 4.011722e-19
1.383636e-02 5.399845e-19
1.384582e-02 6.780385e-19
1.385528e-02 8.151000e-19
1.386473e-02 9.509379e-19
1.387419e-02 1.085322e-18
1.388365e-02 1.218019e-18
1.389311e-02 1.348793e-18
1.390256e-02 1.477403e-18
1.391202e-02 1.603606e-18
1.392148e-02 1.727160e-18
1.393094e-02 1.847829e-18
1.394039e-02 1.965387e-18
1.394985e-02 2.079614e-18
1.395931e-02 2.190307e-18
1.396877e-02 2.297266e-18
1.397822e-02 2.400302e-18
1.398768e-02 2.499226e-18
1.399714e-02 2.593856e-18
1.400660e-02 2.684013e-18
1.401605e-02 2.769529e-18
1.402551e-02 2.850246e-18
1.403497e-02 2.926018e-18
1.404443e-02 2.996714e-18
1.405388e-02 3.062212e-18
1.406334e-02 3.122399e-18
1.407280e-02 3.177162e-18
1.408226e-02 3.226392e-18
1.409171e-02 3.269981e-18
1.410117e-02 3.307824e-18
1.411063e-02 3.339822e-18
1.412009e-02 3.365887e-18
1.412954e-02 3.385945e-18
1.413900e-02 3.399936e-18
1.414846e-02 3.407819e-18
1.415792e-02 3.409571e-18
1.416737e-02 3.405189e-18
1.417683e-02 3.394690e-18
1.418629e-02 3.378103e-18
1.419575e-02 3.355471e-18
1.420520e-02 3.326841e-18
1.421466e-02 3.292258e-18
1.422412e-02 3.251765e-18
1.423358e-02 3.205398e-18
1.424303e-02 3.153192e-18
1.425249e-02 3.095189e-18
1.426195e-02 3.031447e-18
1.427141e-02 2.962043e-18
1.428086e-02 2.887080e-18
1.429032e-02 2.806684e-18
1.429978e-02 2.721007e-18
1.430924e-02 2.630217e-18
1.431869e-02 2.534495e-18
1.432815e-02 2.434028e-18
1.433761e-02 2.329005e-18
1.434707e-02 2.219616e-18
1.435652e-02 2.106047e-18
1.436598e-02 1.988488e-18
1.437544e-02 1.867133e-18
1.438490e-02 1.742183e-18
1.439436e-02 1.613853e-18
1.440381e-02 1.482367e-18
1.441327e-02 1.347960e-18
1.442273e-02 1.210876e-18
1.443219e-02 1.071361e-18
1.444164e-02 9.296636e-19
1.445110e-02 7.860290e-19
1.446056e-02 6.407032e-19
1.447002e-02 4.939317e-19
1.447947e-02 3.459621e-19
1.448893e-02 1.970460e-19
1.449839e-02 4.744081e-20
1.450785e-02 -1.025889e-19
1.451730e-02 -2.527706e-19
1.452676e-02 -4.028232e-19
1.453622e-02 -5.524570e-19
1.454568e-02 -7.013752e-19
1.455513e-02 -8.492757e-19
1.456459e-02 -9.958547e-19
1.457405e-02 -1.140810e-18
1.458351e-02 -1.283848e-18
1.459296e-02 -1.424684e-18
1.460242e-02 -1.563047e-18
1.461188e-02 -1.698681e-18
1.462134e-02 -1.831335e-18
1.463079e-02 -1.960767e-18
1.464025e-02 -2.086733e-18
1.464971e-02 -2.208984e-18
1.465917e-02 -2.327265e-18
1.466862e-02 -2.441323e-18
1.467808e-02 -2.550905e-18
1.468754e-02 -2.655772e-18
1.469700e-02 -2.755702e-18
1.470645e-02 -2.850495e-18
1.471591e-02 -2.939970e-18
1.472537e-02 -3.023966e-18
1.473483e-02 -3.102334e-18
1.474428e-02 -3.174927e-18
1.475374e-02 -3.241602e-18
1.476320e-02 -3.302213e-18
1.477266e-02 -3.356616e-18
1.478211e-02 -3.404673e-18
1.479157e-02 -3.446257e-18
1.480103e-02 -3.481256e-18
1.481049e-02 -3.509569e-18
1.481994e-02 -3.531111e-18
1.482940e-02 -3.545803e-18
1.483886e-02 -3.553577e-18
1.484832e-02 -3.554375e-18
1.485777e-02 -3.548149e-18
1.486723e-02 -3.534872e-18
1.487669e-02 -3.514535e-18
1.488615e-02 -3.487153e-18
1.489560e-02 -3.452765e-18
1.490506e-02 -3.411424e-18
1.491452e-02 -3.363197e-18
1.492398e-02 -3.308157e-18
1.493343e-02 -3.246381e-18
1.494289e-02 -3.177953e-18
1.495235e-02 -3.102961e-18
1.496181e-02 -3.021510e-18
1.497126e-02 -2.933718e-18
1.498072e-02 -2.839726e-18
1.499018e-02 -2.739692e-18
1.499964e-02 -2.633795e-18
1.500909e-02 -2.522232e-18
1.501855e-02 -2.405214e-18
1.502801e-02 -2.282965e-18
1.503747e-02 -2.155722e-18
1.504692e-02 -2.023727e-18
1.505638e-02 -1.887232e-18
1.506584e-02 -1.746496e-18
1.507530e-02 -1.601786e-18
1.508475e-02 -1.453375e-18
1.509421e-02 -1.301547e-18
1.510367e-02 -1.146593e-18
1.511313e-02 -9.888132e-19
1.512258e-02 -8.285174e-19
1.513204e-02 -6.660225e-19
1.514150e-02 -5.016530e-19
1.515096e-02 -3.357403e-19
1.516041e-02 -1.686219e-19
1.516987e-02 -6.399457e-22
1.517933e-02 1.678600e-19
1.518879e-02 3.365293e-19
1.519824e-02 5.050174e-19
1.520770e-02 6.729711e-19
1.521716e-02 8.400347e-19
1.522662e-02 1.005850e-18
1.523607e-02 1.170058e-18
1.524553e-02 1.332297e-18
1.525499e-02 1.492204e-18
1.526445e-02 1.649420e-18
1.527391e-02 1.803580e-18
1.528336e-02 1.954323e-18
1.529282e-02 2.101286e-18
1.530228e-02 2.244106e-18
1.531174e-02 2.382424e-18
1.532119e-02 2.515890e-18
1.533065e-02 2.644168e-18
1.534011e-02 2.766944e-18
1.534957e-02 2.883924e-18
1.535902e-02 2.994838e-18
1.536848e-02 3.099432e-18
1.537794e-02 3.197465e-18
1.538740e-02 3.288698e-18
1.539685e-02 3.372895e-18
1.540631e-02 3.449826e-18
1.541577e-02 3.519262e-18
1.542523e-02 3.580996e-18
1.543468e-02 3.634839e-18
1.544414e-02 3.680635e-18
1.545360e-02 3.718260e-18
1.546306e-02 3.747622e-18
1.547251e-02 3.768652e-18
1.548197e-02 3.781302e-18
1.549143e-02 3.785526e-18
1.550089e-02 3.781276e-18
1.551034e-02 3.768499e-18
1.551980e-02 3.747136e-18
1.552926e-02 3.717129e-18
1.553872e-02 3.678436e-18
1.554817e-02 3.631042e-18
1.555763e-02 3.574964e-18
1.556709e-02 3.510266e-18
1.557655e-02 3.437053e-18
1.558600e-02 3.355473e-18
1.559546e-02 3.265709e-18
1.560492e-02 3.167972e-18
1.561438e-02 3.062492e-18
1.562383e-02 2.949508e-18
1.563329e-02 2.829268e-18
1.564275e-02 2.702018e-18
1.565221e-02 2.568007e-18
1.566166e-02 2.427486e-18
1.567112e-02 2.280717e-18
1.568058e-02 2.127976e-18
1.569004e-02 1.969562e-18
1.569949e-02 1.805800e-18
1.570895e-02 1.637044e-18
1.571841e-02 1.463678e-18
1.572787e-02 1.286112e-18
1.573732e-02 1.104780e-18
1.574678e-02 9.201345e-19
1.575624e-02 7.326401e-19
1.576570e-02 5.427680e-19
1.577515e-02 3.509885e-19
1.578461e-02 1.577668e-19
1.579407e-02 -3.643941e-20
1.580353e-02 -2.311776e-19
1.581298e-02 -4.259962e-19
1.582244e-02 -6.204386e-19
1.583190e-02 -8.140366e-19
1.584136e-02 -1.006307e-18
1.585081e-02 -1.196749e-18
1.586027e-02 -1.384849e-18
1.586973e-02 -1.570085e-18
1.587919e-02 -1.751933e-18
1.588864e-02 -1.929881e-18
1.589810e-02 -2.103427e-18
1.590756e-02 -2.272091e-18
1.591702e-02 -2.435409e-18
1.592647e-02 -2.592936e-18
1.593593e-02 -2.744236e-18
1.594539e-02 -2.888882e-18
1.595485e-02 -3.026448e-18
1.596430e-02 -3.156514e-18
1.597376e-02 -3.278661e-18
1.598322e-02 -3.392480e-18
1.599268e-02 -3.497579e-18
1.600213e-02 -3.593587e-18
1.601159e-02 -3.680167e-18
1.602105e-02 -3.757023e-18
1.603051e-02 -3.823906e-18
1.603996e-02 -3.880612e-18
1.604942e-02 -3.926981e-18
1.605888e-02 -3.962884e-18
1.606834e-02 -3.988210e-18
1.607779e-02 -4.002849e-18
1.608725e-02 -4.006690e-18
1.609671e-02 -3.999613e-18
1.610617e-02 -3.981503e-18
1.611562e-02 -3.952261e-18
1.612508e-02 -3.911824e-18
1.613454e-02 -3.860182e-18
1.614400e-02 -3.797382e-18
1.615345e-02 -3.723535e-18
1.616291e-02 -3.638800e-18
1.617237e-02 -3.543379e-18
1.618183e-02 -3.437500e-18
1.619129e-02 -3.321417e-18
1.620074e-02 -3.195402e-18
1.621020e-02 -3.059752e-18
1.621966e-02 -2.914793e-18
1.622912e-02 -2.760875e-18
1.623857e-02 -2.598375e-18
1.624803e-02 -2.427689e-18
1.625749e-02 -2.249228e-18
1.626695e-02 -2.063418e-18
1.627640e-02 -1.870706e-18
1.628586e-02 -1.671565e-18
1.629532e-02 -1.466504e-18
1.630478e-02 -1.256073e-18
1.631423e-02 -1.040863e-18
1.632369e-02 -8.214950e-19
1.633315e-02 -5.986168e-19
1.634261e-02 -3.728869e-19
1.635206e-02 -1.449698e-19
1.636152e-02 8.446748e-20
1.637098e-02 3.147529e-19
1.638044e-02 5.452049e-19
1.638989e-02 7.751269e-19
1.639935e-02 1.003804e-18
1.640881e-02 1.230499e-18
1.641827e-02 1.454460e-18
1.642772e-02 1.674922e-18
1.643718e-02 1.891120e-18
1.644664e-02 2.102299e-18
1.645610e-02 2.307722e-18
1.646555e-02 2.506685e-18
1.647501e-02 2.698508e-18
1.648447e-02 2.882544e-18
1.649393e-02 3.058161e-18
1.650338e-02 3.224738e-18
1.651284e-02 3.381656e-18
1.652230e-02 3.528295e-18
1.653176e-02 3.664041e-18
1.654121e-02 3.788301e-18
1.655067e-02 3.900508e-18
1.656013e-02 4.000146e-18
1.656959e-02 4.086751e-18
1.657904e-02 4.159918e-18
1.658850e-02 4.219293e-18
1.659796e-02 4.264570e-18
1.660742e-02 4.295482e-18
1.661687e-02 4.311797e-18
1.662633e-02 4.313316e-18
1.663579e-02 4.299881e-18
1.664525e-02 4.271378e-18
1.665470e-02 4.227753e-18
1.666416e-02 4.169009e-18
1.667362e-02 4.095215e-18
1.668308e-02 4.006498e-18
1.669253e-02 3.903035e-18
1.670199e-02 3.785042e-18
1.671145e-02 3.652768e-18
1.672091e-02 3.506494e-18
1.673036e-02 3.346533e-18
1.673982e-02 3.173241e-18
1.674928e-02 2.987033e-18
1.675874e-02 2.788389e-18
1.676819e-02 2.577868e-18
1.677765e-02 2.356111e-18
1.678711e-02 2.123838e-18
1.679657e-02 1.881845e-18
1.680602e-02 1.630988e-18
1.681548e-02 1.372169e-18
1.682494e-02 1.106318e-18
1.683440e-02 8.343820e-19
1.684385e-02 5.573143e-19
1.685331e-02 2.760789e-19
1.686277e-02 -8.341306e-21
1.687223e-02 -2.949289e-19
1.688168e-02 -5.826168e-19
1.689114e-02 -8.702778e-19
1.690060e-02 -1.156725e-18
1.691006e-02 -1.440724e-18
1.691951e-02 -1.721010e-18
1.692897e-02 -1.996320e-18
1.693843e-02 -2.265410e-18
1.694789e-02 -2.527079e-18
1.695734e-02 -2.780170e-18
1.696680e-02 -3.023570e-18
1.697626e-02 -3.256190e-18
1.698572e-02 -3.476948e-18
1.699517e-02 -3.684759e-18
1.700463e-02 -3.878523e-18
1.701409e-02 -4.057133e-18
1.702355e-02 -4.219495e-18
1.703300e-02 -4.364556e-18
1.704246e-02 -4.491326e-18
1.705192e-02 -4.598905e-18
1.706138e-02 -4.686501e-18
1.707084e-02 -4.753429e-18
1.708029e-02 -4.799112e-18
1.708975e-02 -4.823064e-18
1.709921e-02 -4.824884e-18
1.710867e-02 -4.804242e-18
1.711812e-02 -4.760870e-18
1.712758e-02 -4.694570e-18
1.713704e-02 -4.605220e-18
1.714650e-02 -4.492795e-18
1.715595e-02 -4.357378e-18
1.716541e-02 -4.199187e-18
1.717487e-02 -4.018570e-18
1.718433e-02 -3.816015e-18
1.719378e-02 -3.592130e-18
1.720324e-02 -3.347635e-18
1.721270e-02 -3.083354e-18
1.722216e-02 -2.800216e-18
1.723161e-02 -2.499269e-18
1.724107e-02 -2.181697e-18
1.725053e-02 -1.848838e-18
1.725999e-02 -1.502190e-18
1.726944e-02 -1.143405e-18
1.727890e-02 -7.742627e-19
1.728836e-02 -3.966436e-19
1.729782e-02 -1.250496e-20
1.730727e-02 3.761332e-19
1.731673e-02 7.671850e-19
1.732619e-02 1.158485e-18
1.733565e-02 1.547773e-18
1.734510e-02 1.932682e-18
1.735456e-02 2.310746e-18
1.736402e-02 2.679426e-18
1.737348e-02 3.036140e-18
1.738293e-02 3.378303e-18
1.739239e-02 3.703358e-18
1.740185e-02 4.008794e-18
1.741131e-02 4.292151e-18
1.742076e-02 4.551017e-18
1.743022e-02 4.783024e-18
1.743968e-02 4.985850e-18
1.744914e-02 5.157235e-18
1.745859e-02 5.295009e-18
1.746805e-02 5.397133e-18
1.747751e-02 5.461737e-18
1.748697e-02 5.487179e-18
1.749642e-02 5.472079e-18
1.750588e-02 5.415373e-18
1.751534e-02 5.316339e-18
1.752480e-02 5.174633e-18
1.753425e-02 4.990297e-18
1.754371e-02 4.763773e-18
1.755317e-02 4.495901e-18
1.756263e-02 4.187917e-18
1.757208e-02 3.841453e-18
1.758154e-02 3.458545e-18
1.759100e-02 3.041649e-18
1.760046e-02 2.593661e-18
1.760991e-02 2.117933e-18
1.761937e-02 1.618289e-18
1.762883e-02 1.099019e-18
1.763829e-02 5.648654e-19
1.764774e-02 2.098644e-20
1.765720e-02 -5.270964e-19
1.766666e-02 -1.073562e-18
1.767612e-02 -1.612365e-18
1.768557e-02 -2.137317e-18
1.769503e-02 -2.642169e-18
1.770449e-02 -3.120693e-18
1.771395e-02 -3.566764e-18
1.772340e-02 -3.974429e-18
1.773286e-02 -4.337977e-18
1.774232e-02 -4.652010e-18
1.775178e-02 -4.911517e-18
1.776123e-02 -5.111960e-18
1.777069e-02 -5.249380e-18
1.778015e-02 -5.320506e-18
1.778961e-02 -5.322891e-18
1.779906e-02 -5.255029e-18
1.780852e-02 -5.116473e-18
1.781798e-02 -4.907924e-18
1.782744e-02 -4.631294e-18
1.783689e-02 -4.289735e-18
1.784635e-02 -3.887633e-18
1.785581e-02 -3.430580e-18
1.786527e-02 -2.925324e-18
1.787472e-02 -2.379691e-18
1.788418e-02 -1.802501e-18
1.789364e-02 -1.203444e-18
1.790310e-02 -5.929390e-19
1.791255e-02 1.804286e-20
1.792201e-02 6.181905e-19
1.793147e-02 1.196094e-18
1.794093e-02 1.740512e-18
1.795039e-02 2.240643e-18
1.795984e-02 2.686413e-18
1.796930e-02 3.068734e-18
1.797876e-02 3.379759e-18
1.798822e-02 3.613110e-18
1.799767e-02 3.764085e-18
1.800713e-02 3.829836e-18
1.801659e-02 3.809524e-18
1.802605e-02 3.704435e-18
1.803550e-02 3.518058e-18
1.804496e-02 3.256096e-18
1.805442e-02 2.926426e-18
1.806388e-02 2.538974e-18
1.807333e-02 2.105513e-18
1.808279e-02 1.639367e-18
1.809225e-02 1.155041e-18
1.810171e-02 6.677593e-19
1.811116e-02 1.929397e-19
1.812062e-02 -2.543858e-19
1.813008e-02 -6.601795e-19
1.813954e-02 -1.012003e-18
1.814899e-02 -1.299583e-18
1.815845e-02 -1.515304e-18
1.816791e-02 -1.654592e-18
1.817737e-02 -1.716161e-18
1.818682e-02 -1.702116e-18
1.819628e-02 -1.617879e-18
1.820574e-02 -1.471965e-18
1.821520e-02 -1.275588e-18
1.822465e-02 -1.042133e-18
1.823411e-02 -7.864863e-19
1.824357e-02 -5.242705e-19
1.825303e-02 -2.709955e-19
1.826248e-02 -4.117961e-20
1.827194e-02 1.525165e-19
1.828140e-02 3.000841e-19
1.829086e-02 3.948248e-19
1.830031e-02 4.338140e-19
1.830977e-02 4.181177e-19
1.831923e-02 3.527278e-19
1.832869e-02 2.462063e-19
1.833814e-02 1.100558e-19
1.834760e-02 -4.214473e-20
1.835706e-02 -1.957711e-19
1.836652e-02 -3.362781e-19
1.837597e-02 -4.503290e-19
1.838543e-02 -5.268472e-19
1.839489e-02 -5.579110e-19
1.840435e-02 -5.394207e-19
1.841380e-02 -4.714834e-19
1.842326e-02 -3.584746e-19
1.843272e-02 -2.087572e-19
1.844218e-02 -3.406361e-20
1.845163e-02 1.514261e-19
1.846109e-02 3.322464e-19
1.847055e-02 4.929585e-19
1.848001e-02 6.194994e-19
1.848946e-02 7.004424e-19
1.849892e-02 7.280481e-19
1.850838e-02 6.989973e-19
1.851784e-02 6.147328e-19
1.852729e-02 4.813721e-19
1.853675e-02 3.092000e-19
1.854621e-02 1.117886e-19
1.855567e-02 -9.517150e-20
1.856512e-02 -2.952247e-19
1.857458e-02 -4.725652e-19
1.858404e-02 -6.133905e-19
1.859350e-02 -7.070713e-19
1.860295e-02 -7.470330e-19
1.861241e-02 -7.312677e-19
1.862187e-02 -6.624308e-19
1.863133e-02 -5.475178e-19
1.864078e-02 -3.971608e-19
1.865024e-02 -2.246207e-19
1.865970e-02 -4.458004e-20
1.866916e-02 1.281469e-19
1.867861e-02 2.798704e-19
1.868807e-02 3.991410e-19
1.869753e-02 4.776377e-19
1.870699e-02 5.107591e-19
1.871644e-02 4.978782e-19
1.872590e-02 4.422438e-19
1.873536e-02 3.505467e-19
1.874482e-02 2.321984e-19
1.875427e-02 9.839768e-20
1.876373e-02 -3.892013e-20
1.877319e-02 -1.681472e-19
1.878265e-02 -2.789836e-19
1.879210e-02 -3.632488e-19
1.880156e-02 -4.154650e-19
1.881102e-02 -4.331718e-19
1.882048e-02 -4.169648e-19
1.882993e-02 -3.702663e-19
1.883939e-02 -2.988654e-19
1.884885e-02 -2.102782e-19
1.885831e-02 -1.129961e-19
1.886777e-02 -1.569455e-20
1.887722e-02 7.352427e-20
1.888668e-02 1.477899e-19
1.889614e-02 2.019722e-19
1.890560e-02 2.330061e-19
1.891505e-02 2.400157e-19
1.892451e-02 2.242404e-19
1.893397e-02 1.887817e-19
1.894343e-02 1.382037e-19
1.895288e-02 7.803296e-20
1.896234e-02 1.421003e-20
1.897180e-02 -4.745446e-20
1.898126e-02 -1.017694e-19
1.899071e-02 -1.445601e-19
1.900017e-02 -1.729453e-19
1.900963e-02 -1.854827e-19
1.901909e-02 -1.821819e-19
1.902854e-02 -1.643954e-19
1.903800e-02 -1.346065e-19
1.904746e-02 -9.613812e-20
1.905692e-02 -5.281207e-20
1.906637e-02 -8.589881e-21
1.907583e-02 3.277413e-20
1.908529e-02 6.803888e-20
1.909475e-02 9.471824e-20
1.910420e-02 1.112420e-19
1.911366e-02 1.170269e-19
1.912312e-02 1.124586e-19
1.913258e-02 9.878995e-20
1.914203e-02 7.797137e-20
1.915149e-02 5.243235e-20
1.916095e-02 2.483583e-20
1.917041e-02 -2.170209e-21
1.917986e-02 -2.618194e-20
1.918932e-02 -4.523058e-20
1.919878e-02 -5.792075e-20
1.920824e-02 -6.350782e-20
1.921769e-02 -6.191239e-20
1.922715e-02 -5.367578e-20
1.923661e-02 -3.986563e-20
1.924607e-02 -2.194449e-20
1.925552e-02 -1.615834e-21
1.926498e-02 1.933762e-20
1.927444e-02 3.920959e-20
1.928390e-02 5.650825e-20
1.929335e-02 7.006693e-20
1.930281e-02 7.912055e-20
1.931227e-02 8.334344e-20
1.932173e-02 8.284714e-20
1.933118e-02 7.814048e-20
1.934064e-02 7.005715e-20
1.935010e-02 5.965951e-20
1.935956e-02 4.812893e-20
1.936901e-02 3.665370e-20
1.937847e-02 2.632512e-20
1.938793e-02 1.805019e-20
1.939739e-02 1.248722e-20
1.940684e-02 1.000799e-20
1.941630e-02 1.068730e-20
1.942576e-02 1.431875e-20
1.943522e-02 2.045346e-20
1.944467e-02 2.845692e-20
1.945413e-02 3.757783e-20
1.946359e-02 4.702233e-20
1.947305e-02 5.602647e-20
1.948250e-02 6.392075e-20
1.949196e-02 7.018114e-20
1.950142e-02 7.446328e-20
1.951088e-02 7.661789e-20
1.952033e-02 7.668785e-20
1.952979e-02 7.488891e-20
1.953925e-02 7.157713e-20
1.954871e-02 6.720732e-20
1.955816e-02 6.228641e-20
1.956762e-02 5.732631e-20
1.957708e-02 5.280003e-20
1.958654e-02 4.910431e-20
1.959599e-02 4.653151e-20
1.960545e-02 4.525229e-20
1.961491e-02 4.530984e-20
1.962437e-02 4.662536e-20
1.963382e-02 4.901361e-20
1.964328e-02 5.220648e-20
1.965274e-02 5.588208e-20
1.966220e-02 5.969632e-20
1.967165e-02 6.331419e-20
1.968111e-02 6.643789e-20
1.969057e-02 6.882967e-20
1.970003e-02 7.032764e-20
1.970948e-02 7.085393e-20
1.971894e-02 7.041479e-20
1.972840e-02 6.909357e-20
1.973786e-02 6.703763e-20
1.974732e-02 6.444092e-20
1.975677e-02 6.152405e-20
1.976623e-02 5.851381e-20
1.977569e-02 5.562369e-20
1.978515e-02 5.303709e-20
1.979460e-02 5.089403e-20
1.980406e-02 4.928240e-20
1.981352e-02 4.823401e-20
1.982298e-02 4.772558e-20
1.983243e-02 4.768427e-20
1.984189e-02 4.799738e-20
1.985135e-02 4.852493e-20
1.986081e-02 4.911414e-20
1.987026e-02 4.961410e-20
1.987972e-02 4.988935e-20
1.988918e-02 4.983069e-20
1.989864e-02 4.936288e-20
1.990809e-02 4.844809e-20
1.991755e-02 4.708613e-20
1.992701e-02 4.531099e-20
1.993647e-02 4.318545e-20
1.994592e-02 4.079332e-20
1.995538e-02 3.823133e-20
1.996484e-02 3.559971e-20
1.997430e-02 3.299410e-20
1.998375e-02 3.049696e-20
1.999321e-02 2.817222e-20
2.000267e-02 2.605970e-20
2.001213e-02 2.417515e-20
2.002158e-02 2.250764e-20
2.003104e-02 2.102859e-20
