0.000000e+00 -6.707715e-20
9.457526e-06 -6.795080e-20
1.891505e-05 -6.878847e-20
2.837258e-05 -6.959289e-20
3.783011e-05 -7.036127e-20
4.728763e-05 -7.109343e-20
5.674516e-05 -7.178770e-20
6.620268e-05 -7.244345e-20
7.566021e-05 -7.305933e-20
8.511774e-05 -7.363458e-20
9.457526e-05 -7.416804e-20
1.040328e-04 -7.465890e-20
1.134903e-04 -7.510614e-20
1.229478e-04 -7.550895e-20
1.324054e-04 -7.586639e-20
1.418629e-04 -7.617770e-20
1.513204e-04 -7.644203e-20
1.607779e-04 -7.665867e-20
1.702355e-04 -7.682683e-20
1.796930e-04 -7.694586e-20
1.891505e-04 -7.701506e-20
1.986081e-04 -7.703383e-20
2.080656e-04 -7.700156e-20
2.175231e-04 -7.691772e-20
2.269806e-04 -7.678176e-20
2.364382e-04 -7.659324e-20
2.458957e-04 -7.635168e-20
2.553532e-04 -7.605671e-20
2.648107e-04 -7.570795e-20
2.742683e-04 -7.530509e-20
2.837258e-04 -7.484784e-20
2.931833e-04 -7.433598e-20
3.026408e-04 -7.376928e-20
3.120984e-04 -7.314762e-20
3.215559e-04 -7.247085e-20
3.310134e-04 -7.173894e-20
3.404709e-04 -7.095182e-20
3.499285e-04 -7.010954e-20
3.593860e-04 -6.921214e-20
3.688435e-04 -6.825973e-20
3.783011e-04 -6.725245e-20
3.877586e-04 -6.619051e-20
3.972161e-04 -6.507412e-20
4.066736e-04 -6.390357e-20
4.161312e-04 -6.267919e-20
4.255887e-04 -6.140134e-20
4.350462e-04 -6.007043e-20
4.445037e-04 -5.868694e-20
4.539613e-04 -5.725135e-20
4.634188e-04 -5.576421e-20
4.728763e-04 -5.422612e-20
4.823338e-04 -5.263771e-20
4.917914e-04 -5.099965e-20
5.012489e-04 -4.931268e-20
5.107064e-04 -4.757755e-20
5.201639e-04 -4.579509e-20
5.296215e-04 -4.396613e-20
5.390790e-04 -4.209158e-20
5.485365e-04 -4.017238e-20
5.579941e-04 -3.820950e-20
5.674516e-04 -3.620396e-20
5.769091e-04 -3.415684e-20
5.863666e-04 -3.206923e-20
5.958242e-04 -2.994227e-20
6.052817e-04 -2.777715e-20
6.147392e-04 -2.557510e-20
6.241967e-04 -2.333736e-20
6.336543e-04 -2.106524e-20
6.431118e-04 -1.876008e-20
6.525693e-04 -1.642324e-20
6.620268e-04 -1.405614e-20
6.714844e-04 -1.166022e-20
6.809419e-04 -9.236949e-21
6.903994e-04 -6.787845e-21
6.998569e-04 -4.314446e-21
7.093145e-04 -1.818331e-21
7.187720e-04 6.988968e-22
7.282295e-04 3.235600e-21
7.376871e-04 5.790116e-21
7.471446e-04 8.360749e-21
7.566021e-04 1.094578e-20
7.660596e-04 1.354347e-20
7.755172e-04 1.615203e-20
7.849747e-04 1.876968e-20
7.944322e-04 2.139460e-20
8.038897e-04 2.402494e-20
8.133473e-04 2.665885e-20
8.228048e-04 2.929444e-20
8.322623e-04 3.192982e-20
8.417198e-04 3.456306e-20
8.511774e-04 3.719223e-20
8.606349e-04 3.981539e-20
8.700924e-04 4.243057e-20
8.795499e-04 4.503580e-20
8.890075e-04 4.762909e-20
8.984650e-04 5.020844e-20
9.079225e-04 5.277186e-20
9.173801e-04 5.531732e-20
9.268376e-04 5.784281e-20
9.362951e-04 6.034630e-20
9.457526e-04 6.282576e-20
9.552102e-04 6.527917e-20
9.646677e-04 6.770450e-20
9.741252e-04 7.009971e-20
9.835827e-04 7.246277e-20
9.930403e-04 7.479166e-20
1.002498e-03 7.708436e-20
1.011955e-03 7.933885e-20
1.021413e-03 8.155312e-20
1.030870e-03 8.372517e-20
1.040328e-03 8.585301e-20
1.049785e-03 8.793466e-20
1.059243e-03 8.996816e-20
1.068700e-03 9.195155e-20
1.078158e-03 9.388289e-20
1.087616e-03 9.576027e-20
1.097073e-03 9.758177e-20
1.106531e-03 9.934553e-20
1.115988e-03 1.010497e-19
1.125446e-03 1.026923e-19
1.134903e-03 1.042718e-19
1.144361e-03 1.057861e-19
1.153818e-03 1.072336e-19
1.163276e-03 1.086125e-19
1.172733e-03 1.099212e-19
1.182191e-03 1.111579e-19
1.191648e-03 1.123209e-19
1.201106e-03 1.134088e-19
1.210563e-03 1.144198e-19
1.220021e-03 1.153525e-19
1.229478e-03 1.162052e-19
1.238936e-03 1.169767e-19
1.248393e-03 1.176653e-19
1.257851e-03 1.182697e-19
1.267309e-03 1.187886e-19
1.276766e-03 1.192207e-19
1.286224e-03 1.195646e-19
1.295681e-03 1.198191e-19
1.305139e-03 1.199831e-19
1.314596e-03 1.200555e-19
1.324054e-03 1.200350e-19
1.333511e-03 1.199207e-19
1.342969e-03 1.197116e-19
1.352426e-03 1.194068e-19
1.361884e-03 1.190053e-19
1.371341e-03 1.185063e-19
1.380799e-03 1.179091e-19
1.390256e-03 1.172128e-19
1.399714e-03 1.164169e-19
1.409171e-03 1.155206e-19
1.418629e-03 1.145234e-19
1.428086e-03 1.134248e-19
1.437544e-03 1.122243e-19
1.447002e-03 1.109216e-19
1.456459e-03 1.095162e-19
1.465917e-03 1.080080e-19
1.475374e-03 1.063966e-19
1.484832e-03 1.046819e-19
1.494289e-03 1.028638e-19
1.503747e-03 1.009423e-19
1.513204e-03 9.891728e-20
1.522662e-03 9.678893e-20
1.532119e-03 9.455735e-20
1.541577e-03 9.222275e-20
1.551034e-03 8.978537e-20
1.560492e-03 8.724554e-20
1.569949e-03 8.460364e-20
1.579407e-03 8.186012e-20
1.588864e-03 7.901548e-20
1.598322e-03 7.607030e-20
1.607779e-03 7.302521e-20
1.617237e-03 6.988089e-20
1.626695e-03 6.663811e-20
1.636152e-03 6.329769e-20
1.645610e-03 5.986050e-20
1.655067e-03 5.632750e-20
1.664525e-03 5.269967e-20
1.673982e-03 4.897808e-20
1.683440e-03 4.516387e-20
1.692897e-03 4.125822e-20
1.702355e-03 3.726236e-20
1.711812e-03 3.317761e-20
1.721270e-03 2.900534e-20
1.730727e-03 2.474696e-20
1.740185e-03 2.040395e-20
1.749642e-03 1.597786e-20
1.759100e-03 1.147028e-20
1.768557e-03 6.882855e-21
1.778015e-03 2.217303e-21
1.787472e-03 -2.524619e-21
1.796930e-03 -7.341095e-21
1.806388e-03 -1.223026e-20
1.815845e-03 -1.719018e-20
1.825303e-03 -2.221889e-20
1.834760e-03 -2.731437e-20
1.844218e-03 -3.247455e-20
1.853675e-03 -3.769730e-20
1.863133e-03 -4.298045e-20
1.872590e-03 -4.832179e-20
1.882048e-03 -5.371905e-20
1.891505e-03 -5.916994e-20
1.900963e-03 -6.467210e-20
1.910420e-03 -7.022313e-20
1.919878e-03 -7.582062e-20
1.929335e-03 -8.146209e-20
1.938793e-03 -8.714503e-20
1.948250e-03 -9.286688e-20
1.957708e-03 -9.862508e-20
1.967165e-03 -1.044170e-19
1.976623e-03 -1.102400e-19
1.986081e-03 -1.160914e-19
1.995538e-03 -1.219684e-19
2.004996e-03 -1.278684e-19
2.014453e-03 -1.337885e-19
2.023911e-03 -1.397260e-19
2.033368e-03 -1.456781e-19
2.042826e-03 -1.516420e-19
2.052283e-03 -1.576148e-19
2.061741e-03 -1.635935e-19
2.071198e-03 -1.695752e-19
2.080656e-03 -1.755568e-19
2.090113e-03 -1.815351e-19
2.099571e-03 -1.875074e-19
2.109028e-03 -1.934714e-19
2.118486e-03 -1.994253e-19
2.127943e-03 -2.053675e-19
2.137401e-03 -2.112959e-19
2.146858e-03 -2.172067e-19
2.156316e-03 -2.230935e-19
2.165774e-03 -2.289473e-19
2.175231e-03 -2.347588e-19
2.184689e-03 -2.405216e-19
2.194146e-03 -2.462353e-19
2.203604e-03 -2.519070e-19
2.213061e-03 -2.575489e-19
2.222519e-03 -2.631727e-19
2.231976e-03 -2.687835e-19
2.241434e-03 -2.743750e-19
2.250891e-03 -2.799290e-19
2.260349e-03 -2.854197e-19
2.269806e-03 -2.908206e-19
2.279264e-03 -2.961132e-19
2.288721e-03 -3.012925e-19
2.298179e-03 -3.063694e-19
2.307636e-03 -3.113674e-19
2.317094e-03 -3.163148e-19
2.326551e-03 -3.212337e-19
2.336009e-03 -3.261311e-19
2.345467e-03 -3.309936e-19
2.354924e-03 -3.357895e-19
2.364382e-03 -3.404786e-19
2.373839e-03 -3.450268e-19
2.383297e-03 -3.494205e-19
2.392754e-03 -3.536744e-19
2.402212e-03 -3.578251e-19
2.411669e-03 -3.619134e-19
2.421127e-03 -3.659607e-19
2.430584e-03 -3.699550e-19
2.440042e-03 -3.738560e-19
2.449499e-03 -3.776179e-19
2.458957e-03 -3.812148e-19
2.468414e-03 -3.846536e-19
2.477872e-03 -3.879650e-19
2.487329e-03 -3.911802e-19
2.496787e-03 -3.943113e-19
2.506244e-03 -3.973461e-19
2.515702e-03 -4.002597e-19
2.525160e-03 -4.030305e-19
2.534617e-03 -4.056506e-19
2.544075e-03 -4.081250e-19
2.553532e-03 -4.104649e-19
2.562990e-03 -4.126790e-19
2.572447e-03 -4.147693e-19
2.581905e-03 -4.167315e-19
2.591362e-03 -4.185562e-19
2.600820e-03 -4.202333e-19
2.610277e-03 -4.217559e-19
2.619735e-03 -4.231227e-19
2.629192e-03 -4.243378e-19
2.638650e-03 -4.254073e-19
2.648107e-03 -4.263344e-19
2.657565e-03 -4.271165e-19
2.667022e-03 -4.277469e-19
2.676480e-03 -4.282183e-19
2.685937e-03 -4.285266e-19
2.695395e-03 -4.286713e-19
2.704853e-03 -4.286540e-19
2.714310e-03 -4.284752e-19
2.723768e-03 -4.281335e-19
2.733225e-03 -4.276254e-19
2.742683e-03 -4.269463e-19
2.752140e-03 -4.260923e-19
2.761598e-03 -4.250604e-19
2.771055e-03 -4.238477e-19
2.780513e-03 -4.224517e-19
2.789970e-03 -4.208693e-19
2.799428e-03 -4.190965e-19
2.808885e-03 -4.171280e-19
2.818343e-03 -4.149574e-19
2.827800e-03 -4.125778e-19
2.837258e-03 -4.099813e-19
2.846715e-03 -4.071596e-19
2.856173e-03 -4.041032e-19
2.865630e-03 -4.008010e-19
2.875088e-03 -3.972395e-19
2.884546e-03 -3.934028e-19
2.894003e-03 -3.892722e-19
2.903461e-03 -3.848263e-19
2.912918e-03 -3.800400e-19
2.922376e-03 -3.748843e-19
2.931833e-03 -3.693246e-19
2.941291e-03 -3.633195e-19
2.950748e-03 -3.568191e-19
2.960206e-03 -3.497625e-19
2.969663e-03 -3.420755e-19
2.979121e-03 -3.336666e-19
2.988578e-03 -3.244221e-19
2.998036e-03 -3.141991e-19
3.007493e-03 -3.028170e-19
3.016951e-03 -2.900458e-19
3.026408e-03 -2.755932e-19
3.035866e-03 -2.590875e-19
3.045323e-03 -2.400606e-19
3.054781e-03 -2.179295e-19
3.064239e-03 -1.919804e-19
3.073696e-03 -1.613607e-19
3.083154e-03 -1.250836e-19
3.092611e-03 -8.205289e-20
3.102069e-03 -3.111249e-20
3.111526e-03 2.887752e-20
3.120984e-03 9.894181e-20
3.130441e-03 1.798779e-19
3.139899e-03 2.721471e-19
3.149356e-03 3.757867e-19
3.158814e-03 4.903596e-19
3.168271e-03 6.149525e-19
3.177729e-03 7.482216e-19
3.187186e-03 8.884788e-19
3.196644e-03 1.033797e-18
3.206101e-03 1.182123e-18
3.215559e-03 1.331367e-18
3.225016e-03 1.479484e-18
3.234474e-03 1.624520e-18
3.243932e-03 1.764651e-18
3.253389e-03 1.898205e-18
3.262847e-03 2.023687e-18
3.272304e-03 2.139788e-18
3.281762e-03 2.245400e-18
3.291219e-03 2.339614e-18
3.300677e-03 2.421723e-18
3.310134e-03 2.491217e-18
3.319592e-03 2.547794e-18
3.329049e-03 2.591372e-18
3.338507e-03 2.622114e-18
3.347964e-03 2.640447e-18
3.357422e-03 2.647075e-18
3.366879e-03 2.642953e-18
3.376337e-03 2.629243e-18
3.385794e-03 2.607231e-18
3.395252e-03 2.578225e-18
3.404709e-03 2.543451e-18
3.414167e-03 2.503965e-18
3.423625e-03 2.460594e-18
3.433082e-03 2.413913e-18
3.442540e-03 2.364276e-18
3.451997e-03 2.311869e-18
3.461455e-03 2.256790e-18
3.470912e-03 2.199135e-18
3.480370e-03 2.139063e-18
3.489827e-03 2.076837e-18
3.499285e-03 2.012838e-18
3.508742e-03 1.947534e-18
3.518200e-03 1.881439e-18
3.527657e-03 1.815055e-18
3.537115e-03 1.748812e-18
3.546572e-03 1.683027e-18
3.556030e-03 1.617875e-18
3.565487e-03 1.553381e-18
3.574945e-03 1.489438e-18
3.584402e-03 1.425828e-18
3.593860e-03 1.362273e-18
3.603318e-03 1.298473e-18
3.612775e-03 1.234161e-18
3.622233e-03 1.169140e-18
3.631690e-03 1.103307e-18
3.641148e-03 1.036657e-18
3.650605e-03 9.692684e-19
3.660063e-03 9.012747e-19
3.669520e-03 8.328240e-19
3.678978e-03 7.640463e-19
3.688435e-03 6.950297e-19
3.697893e-03 6.258123e-19
3.707350e-03 5.563890e-19
3.716808e-03 4.867292e-19
3.726265e-03 4.167988e-19
3.735723e-03 3.465789e-19
3.745180e-03 2.760783e-19
3.754638e-03 2.053364e-19
3.764095e-03 1.344193e-19
3.773553e-03 6.341069e-20
3.783011e-03 -7.598230e-21
3.792468e-03 -7.851709e-20
3.801926e-03 -1.492621e-19
3.811383e-03 -2.197585e-19
3.820841e-03 -2.899401e-19
3.830298e-03 -3.597475e-19
3.839756e-03 -4.291262e-19
3.849213e-03 -4.980241e-19
3.858671e-03 -5.663896e-19
3.868128e-03 -6.341708e-19
3.877586e-03 -7.013147e-19
3.887043e-03 -7.677675e-19
3.896501e-03 -8.334750e-19
3.905958e-03 -8.983830e-19
3.915416e-03 -9.624382e-19
3.924873e-03 -1.025588e-18
3.934331e-03 -1.087780e-18
3.943788e-03 -1.148962e-18
3.953246e-03 -1.209082e-18
3.962704e-03 -1.268087e-18
3.972161e-03 -1.325922e-18
3.981619e-03 -1.382532e-18
3.991076e-03 -1.437862e-18
4.000534e-03 -1.491859e-18
4.009991e-03 -1.544470e-18
4.019449e-03 -1.595649e-18
4.028906e-03 -1.645354e-18
4.038364e-03 -1.693546e-18
4.047821e-03 -1.740191e-18
4.057279e-03 -1.785256e-18
4.066736e-03 -1.828710e-18
4.076194e-03 -1.870521e-18
4.085651e-03 -1.910655e-18
4.095109e-03 -1.949078e-18
4.104566e-03 -1.985759e-18
4.114024e-03 -2.020664e-18
4.123481e-03 -2.053764e-18
4.132939e-03 -2.085032e-18
4.142397e-03 -2.114445e-18
4.151854e-03 -2.141979e-18
4.161312e-03 -2.167616e-18
4.170769e-03 -2.191338e-18
4.180227e-03 -2.213125e-18
4.189684e-03 -2.232963e-18
4.199142e-03 -2.250833e-18
4.208599e-03 -2.266719e-18
4.218057e-03 -2.280609e-18
4.227514e-03 -2.292487e-18
4.236972e-03 -2.302344e-18
4.246429e-03 -2.310171e-18
4.255887e-03 -2.315961e-18
4.265344e-03 -2.319708e-18
4.274802e-03 -2.321412e-18
4.284259e-03 -2.321070e-18
4.293717e-03 -2.318684e-18
4.303174e-03 -2.314253e-18
4.312632e-03 -2.307781e-18
4.322090e-03 -2.299270e-18
4.331547e-03 -2.288726e-18
4.341005e-03 -2.276153e-18
4.350462e-03 -2.261560e-18
4.359920e-03 -2.244956e-18
4.369377e-03 -2.226351e-18
4.378835e-03 -2.205754e-18
4.388292e-03 -2.183178e-18
4.397750e-03 -2.158636e-18
4.407207e-03 -2.132142e-18
4.416665e-03 -2.103712e-18
4.426122e-03 -2.073363e-18
4.435580e-03 -2.041113e-18
4.445037e-03 -2.006985e-18
4.454495e-03 -1.971001e-18
4.463952e-03 -1.933186e-18
4.473410e-03 -1.893567e-18
4.482867e-03 -1.852174e-18
4.492325e-03 -1.809036e-18
4.501783e-03 -1.764187e-18
4.511240e-03 -1.717659e-18
4.520698e-03 -1.669489e-18
4.530155e-03 -1.619711e-18
4.539613e-03 -1.568365e-18
4.549070e-03 -1.515490e-18
4.558528e-03 -1.461126e-18
4.567985e-03 -1.405316e-18
4.577443e-03 -1.348101e-18
4.586900e-03 -1.289527e-18
4.596358e-03 -1.229638e-18
4.605815e-03 -1.168482e-18
4.615273e-03 -1.106106e-18
4.624730e-03 -1.042562e-18
4.634188e-03 -9.779009e-19
4.643645e-03 -9.121765e-19
4.653103e-03 -8.454440e-19
4.662560e-03 -7.777603e-19
4.672018e-03 -7.091840e-19
4.681476e-03 -6.397753e-19
4.690933e-03 -5.695958e-19
4.700391e-03 -4.987079e-19
4.709848e-03 -4.271753e-19
4.719306e-03 -3.550616e-19
4.728763e-03 -2.824313e-19
4.738221e-03 -2.093487e-19
4.747678e-03 -1.358792e-19
4.757136e-03 -6.208891e-20
4.766593e-03 1.195454e-20
4.776051e-03 8.618203e-20
4.785508e-03 1.605233e-19
4.794966e-03 2.349075e-19
4.804423e-03 3.092640e-19
4.813881e-03 3.835225e-19
4.823338e-03 4.576133e-19
4.832796e-03 5.314667e-19
4.842253e-03 6.050123e-19
4.851711e-03 6.781795e-19
4.861169e-03 7.508970e-19
4.870626e-03 8.230942e-19
4.880084e-03 8.947009e-19
4.889541e-03 9.656478e-19
4.898999e-03 1.035866e-18
4.908456e-03 1.105289e-18
4.917914e-03 1.173847e-18
4.927371e-03 1.241473e-18
4.936829e-03 1.308099e-18
4.946286e-03 1.373658e-18
4.955744e-03 1.438084e-18
4.965201e-03 1.501312e-18
4.974659e-03 1.563282e-18
4.984116e-03 1.623931e-18
4.993574e-03 1.683199e-18
5.003031e-03 1.741025e-18
5.012489e-03 1.797350e-18
5.021946e-03 1.852115e-18
5.031404e-03 1.905266e-18
5.040862e-03 1.956749e-18
5.050319e-03 2.006512e-18
5.059777e-03 2.054506e-18
5.069234e-03 2.100681e-18
5.078692e-03 2.144988e-18
5.088149e-03 2.187383e-18
5.097607e-03 2.227821e-18
5.107064e-03 2.266263e-18
5.116522e-03 2.302669e-18
5.125979e-03 2.337004e-18
5.135437e-03 2.369232e-18
5.144894e-03 2.399319e-18
5.154352e-03 2.427234e-18
5.163809e-03 2.452947e-18
5.173267e-03 2.476431e-18
5.182724e-03 2.497657e-18
5.192182e-03 2.516600e-18
5.201639e-03 2.533232e-18
5.211097e-03 2.547530e-18
5.220555e-03 2.559472e-18
5.230012e-03 2.569038e-18
5.239470e-03 2.576215e-18
5.248927e-03 2.580990e-18
5.258385e-03 2.583357e-18
5.267842e-03 2.583313e-18
5.277300e-03 2.580855e-18
5.286757e-03 2.575985e-18
5.296215e-03 2.568704e-18
5.305672e-03 2.559013e-18
5.315130e-03 2.546917e-18
5.324587e-03 2.532421e-18
5.334045e-03 2.515534e-18
5.343502e-03 2.496267e-18
5.352960e-03 2.474635e-18
5.362417e-03 2.450653e-18
5.371875e-03 2.424343e-18
5.381332e-03 2.395726e-18
5.390790e-03 2.364823e-18
5.400248e-03 2.331661e-18
5.409705e-03 2.296264e-18
5.419163e-03 2.258658e-18
5.428620e-03 2.218873e-18
5.438078e-03 2.176937e-18
5.447535e-03 2.132880e-18
5.456993e-03 2.086735e-18
5.466450e-03 2.038534e-18
5.475908e-03 1.988314e-18
5.485365e-03 1.936113e-18
5.494823e-03 1.881970e-18
5.504280e-03 1.825930e-18
5.513738e-03 1.768040e-18
5.523195e-03 1.708347e-18
5.532653e-03 1.646903e-18
5.542110e-03 1.583762e-18
5.551568e-03 1.518977e-18
5.561025e-03 1.452604e-18
5.570483e-03 1.384699e-18
5.579941e-03 1.315319e-18
5.589398e-03 1.244525e-18
5.598856e-03 1.172377e-18
5.608313e-03 1.098939e-18
5.617771e-03 1.024275e-18
5.627228e-03 9.484533e-19
5.636686e-03 8.715433e-19
5.646143e-03 7.936159e-19
5.655601e-03 7.147436e-19
5.665058e-03 6.349999e-19
5.674516e-03 5.544593e-19
5.683973e-03 4.731965e-19
5.693431e-03 3.912871e-19
5.702888e-03 3.088071e-19
5.712346e-03 2.258340e-19
5.721803e-03 1.424463e-19
5.731261e-03 5.872373e-20
5.740718e-03 -2.525301e-20
5.750176e-03 -1.094024e-19
5.759634e-03 -1.936422e-19
5.769091e-03 -2.778896e-19
5.778549e-03 -3.620609e-19
5.788006e-03 -4.460718e-19
5.797464e-03 -5.298369e-19
5.806921e-03 -6.132707e-19
5.816379e-03 -6.962870e-19
5.825836e-03 -7.788003e-19
5.835294e-03 -8.607256e-19
5.844751e-03 -9.419786e-19
5.854209e-03 -1.022476e-18
5.863666e-03 -1.102135e-18
5.873124e-03 -1.180872e-18
5.882581e-03 -1.258606e-18
5.892039e-03 -1.335254e-18
5.901496e-03 -1.410733e-18
5.910954e-03 -1.484964e-18
5.920411e-03 -1.557866e-18
5.929869e-03 -1.629361e-18
5.939327e-03 -1.699370e-18
5.948784e-03 -1.767819e-18
5.958242e-03 -1.834633e-18
5.967699e-03 -1.899740e-18
5.977157e-03 -1.963067e-18
5.986614e-03 -2.024546e-18
5.996072e-03 -2.084107e-18
6.005529e-03 -2.141686e-18
6.014987e-03 -2.197215e-18
6.024444e-03 -2.250634e-18
6.033902e-03 -2.301879e-18
6.043359e-03 -2.350893e-18
6.052817e-03 -2.397618e-18
6.062274e-03 -2.442001e-18
6.071732e-03 -2.483989e-18
6.081189e-03 -2.523533e-18
6.090647e-03 -2.560587e-18
6.100104e-03 -2.595107e-18
6.109562e-03 -2.627052e-18
6.119020e-03 -2.656384e-18
6.128477e-03 -2.683068e-18
6.137935e-03 -2.707071e-18
6.147392e-03 -2.728363e-18
6.156850e-03 -2.746919e-18
6.166307e-03 -2.762713e-18
6.175765e-03 -2.775725e-18
6.185222e-03 -2.785938e-18
6.194680e-03 -2.793338e-18
6.204137e-03 -2.797915e-18
6.213595e-03 -2.799661e-18
6.223052e-03 -2.798571e-18
6.232510e-03 -2.794641e-18
6.241967e-03 -2.787872e-18
6.251425e-03 -2.778266e-18
6.260882e-03 -2.765828e-18
6.270340e-03 -2.750566e-18
6.279797e-03 -2.732493e-18
6.289255e-03 -2.711622e-18
6.298713e-03 -2.687972e-18
6.308170e-03 -2.661564e-18
6.317628e-03 -2.632420e-18
6.327085e-03 -2.600569e-18
6.336543e-03 -2.566039e-18
6.346000e-03 -2.528863e-18
6.355458e-03 -2.489075e-18
6.364915e-03 -2.446712e-18
6.374373e-03 -2.401813e-18
6.383830e-03 -2.354423e-18
6.393288e-03 -2.304585e-18
6.402745e-03 -2.252348e-18
6.412203e-03 -2.197762e-18
6.421660e-03 -2.140880e-18
6.431118e-03 -2.081757e-18
6.440575e-03 -2.020449e-18
6.450033e-03 -1.957017e-18
6.459490e-03 -1.891521e-18
6.468948e-03 -1.824025e-18
6.478406e-03 -1.754596e-18
6.487863e-03 -1.683300e-18
6.497321e-03 -1.610208e-18
6.506778e-03 -1.535392e-18
6.516236e-03 -1.458923e-18
6.525693e-03 -1.380876e-18
6.535151e-03 -1.301328e-18
6.544608e-03 -1.220357e-18
6.554066e-03 -1.138041e-18
6.563523e-03 -1.054462e-18
6.572981e-03 -9.697024e-19
6.582438e-03 -8.838477e-19
6.591896e-03 -7.969843e-19
6.601353e-03 -7.092006e-19
6.610811e-03 -6.205866e-19
6.620268e-03 -5.312335e-19
6.629726e-03 -4.412343e-19
6.639183e-03 -3.506828e-19
6.648641e-03 -2.596738e-19
6.658099e-03 -1.683026e-19
6.667556e-03 -7.666453e-20
6.677014e-03 1.514523e-20
6.686471e-03 1.070322e-19
6.695929e-03 1.989024e-19
6.705386e-03 2.906628e-19
6.714844e-03 3.822206e-19
6.724301e-03 4.734836e-19
6.733759e-03 5.643598e-19
6.743216e-03 6.547574e-19
6.752674e-03 7.445847e-19
6.762131e-03 8.337503e-19
6.771589e-03 9.221625e-19
6.781046e-03 1.009730e-18
6.790504e-03 1.096359e-18
6.799961e-03 1.181957e-18
6.809419e-03 1.266428e-18
6.818876e-03 1.349675e-18
6.828334e-03 1.431599e-18
6.837792e-03 1.512102e-18
6.847249e-03 1.591089e-18
6.856707e-03 1.668467e-18
6.866164e-03 1.744148e-18
6.875622e-03 1.818051e-18
6.885079e-03 1.890097e-18
6.894537e-03 1.960214e-18
6.903994e-03 2.028330e-18
6.913452e-03 2.094378e-18
6.922909e-03 2.158286e-18
6.932367e-03 2.219986e-18
6.941824e-03 2.279408e-18
6.951282e-03 2.336486e-18
6.960739e-03 2.391152e-18
6.970197e-03 2.443346e-18
6.979654e-03 2.493007e-18
6.989112e-03 2.540080e-18
6.998569e-03 2.584508e-18
7.008027e-03 2.626239e-18
7.017485e-03 2.665222e-18
7.026942e-03 2.701406e-18
7.036400e-03 2.734744e-18
7.045857e-03 2.765194e-18
7.055315e-03 2.792719e-18
7.064772e-03 2.817287e-18
7.074230e-03 2.838873e-18
7.083687e-03 2.857455e-18
7.093145e-03 2.873017e-18
7.102602e-03 2.885541e-18
7.112060e-03 2.895012e-18
7.121517e-03 2.901417e-18
7.130975e-03 2.904742e-18
7.140432e-03 2.904981e-18
7.149890e-03 2.902132e-18
7.159347e-03 2.896201e-18
7.168805e-03 2.887202e-18
7.178262e-03 2.875155e-18
7.187720e-03 2.860084e-18
7.197178e-03 2.842013e-18
7.206635e-03 2.820963e-18
7.216093e-03 2.796956e-18
7.225550e-03 2.770008e-18
7.235008e-03 2.740141e-18
7.244465e-03 2.707377e-18
7.253923e-03 2.671747e-18
7.263380e-03 2.633287e-18
7.272838e-03 2.592040e-18
7.282295e-03 2.548050e-18
7.291753e-03 2.501365e-18
7.301210e-03 2.452031e-18
7.310668e-03 2.400096e-18
7.320125e-03 2.345610e-18
7.329583e-03 2.288625e-18
7.339040e-03 2.229198e-18
7.348498e-03 2.167389e-18
7.357955e-03 2.103262e-18
7.367413e-03 2.036885e-18
7.376871e-03 1.968329e-18
7.386328e-03 1.897669e-18
7.395786e-03 1.824985e-18
7.405243e-03 1.750359e-18
7.414701e-03 1.673875e-18
7.424158e-03 1.595620e-18
7.433616e-03 1.515682e-18
7.443073e-03 1.434148e-18
7.452531e-03 1.351106e-18
7.461988e-03 1.266643e-18
7.471446e-03 1.180846e-18
7.480903e-03 1.093802e-18
7.490361e-03 1.005602e-18
7.499818e-03 9.163388e-19
7.509276e-03 8.261087e-19
7.518733e-03 7.350105e-19
7.528191e-03 6.431438e-19
7.537648e-03 5.506078e-19
7.547106e-03 4.575008e-19
7.556564e-03 3.639201e-19
7.566021e-03 2.699631e-19
7.575479e-03 1.757277e-19
7.584936e-03 8.131334e-20
7.594394e-03 -1.318004e-20
7.603851e-03 -1.076518e-19
7.613309e-03 -2.020012e-19
7.622766e-03 -2.961281e-19
7.632224e-03 -3.899332e-19
7.641681e-03 -4.833187e-19
7.651139e-03 -5.761879e-19
7.660596e-03 -6.684450e-19
7.670054e-03 -7.599940e-19
7.679511e-03 -8.507385e-19
7.688969e-03 -9.405812e-19
7.698426e-03 -1.029425e-18
7.707884e-03 -1.117175e-18
7.717341e-03 -1.203736e-18
7.726799e-03 -1.289016e-18
7.736257e-03 -1.372925e-18
7.745714e-03 -1.455373e-18
7.755172e-03 -1.536271e-18
7.764629e-03 -1.615533e-18
7.774087e-03 -1.693073e-18
7.783544e-03 -1.768808e-18
7.793002e-03 -1.842658e-18
7.802459e-03 -1.914545e-18
7.811917e-03 -1.984392e-18
7.821374e-03 -2.052129e-18
7.830832e-03 -2.117685e-18
7.840289e-03 -2.180996e-18
7.849747e-03 -2.241998e-18
7.859204e-03 -2.300631e-18
7.868662e-03 -2.356838e-18
7.878119e-03 -2.410563e-18
7.887577e-03 -2.461753e-18
7.897034e-03 -2.510357e-18
7.906492e-03 -2.556325e-18
7.915950e-03 -2.599607e-18
7.925407e-03 -2.640153e-18
7.934865e-03 -2.677917e-18
7.944322e-03 -2.712852e-18
7.953780e-03 -2.744913e-18
7.963237e-03 -2.774061e-18
7.972695e-03 -2.800258e-18
7.982152e-03 -2.823472e-18
7.991610e-03 -2.843675e-18
8.001067e-03 -2.860845e-18
8.010525e-03 -2.874962e-18
8.019982e-03 -2.886011e-18
8.029440e-03 -2.893980e-18
8.038897e-03 -2.898860e-18
8.048355e-03 -2.900645e-18
8.057812e-03 -2.899333e-18
8.067270e-03 -2.894929e-18
8.076727e-03 -2.887438e-18
8.086185e-03 -2.876872e-18
8.095643e-03 -2.863248e-18
8.105100e-03 -2.846583e-18
8.114558e-03 -2.826900e-18
8.124015e-03 -2.804221e-18
8.133473e-03 -2.778572e-18
8.142930e-03 -2.749980e-18
8.152388e-03 -2.718476e-18
8.161845e-03 -2.684091e-18
8.171303e-03 -2.646861e-18
8.180760e-03 -2.606825e-18
8.190218e-03 -2.564025e-18
8.199675e-03 -2.518504e-18
8.209133e-03 -2.470310e-18
8.218590e-03 -2.419495e-18
8.228048e-03 -2.366116e-18
8.237505e-03 -2.310232e-18
8.246963e-03 -2.251907e-18
8.256420e-03 -2.191208e-18
8.265878e-03 -2.128205e-18
8.275336e-03 -2.062970e-18
8.284793e-03 -1.995574e-18
8.294251e-03 -1.926091e-18
8.303708e-03 -1.854593e-18
8.313166e-03 -1.781155e-18
8.322623e-03 -1.705852e-18
8.332081e-03 -1.628763e-18
8.341538e-03 -1.549966e-18
8.350996e-03 -1.469544e-18
8.360453e-03 -1.387580e-18
8.369911e-03 -1.304163e-18
8.379368e-03 -1.219382e-18
8.388826e-03 -1.133329e-18
8.398283e-03 -1.046099e-18
8.407741e-03 -9.577860e-19
8.417198e-03 -8.684849e-19
8.426656e-03 -7.782915e-19
8.436113e-03 -6.873021e-19
8.445571e-03 -5.956132e-19
8.455029e-03 -5.033214e-19
8.464486e-03 -4.105240e-19
8.473944e-03 -3.173180e-19
8.483401e-03 -2.238003e-19
8.492859e-03 -1.300676e-19
8.502316e-03 -3.621638e-20
8.511774e-03 5.765703e-20
8.521231e-03 1.514564e-19
8.530689e-03 2.450852e-19
8.540146e-03 3.384468e-19
8.549604e-03 4.314442e-19
8.559061e-03 5.239800e-19
8.568519e-03 6.159565e-19
8.577976e-03 7.072766e-19
8.587434e-03 7.978433e-19
8.596891e-03 8.875611e-19
8.606349e-03 9.763360e-19
8.615806e-03 1.064076e-18
8.625264e-03 1.150689e-18
8.634722e-03 1.236087e-18
8.644179e-03 1.320180e-18
8.653637e-03 1.402881e-18
8.663094e-03 1.484101e-18
8.672552e-03 1.563756e-18
8.682009e-03 1.641761e-18
8.691467e-03 1.718033e-18
8.700924e-03 1.792492e-18
8.710382e-03 1.865060e-18
8.719839e-03 1.935661e-18
8.729297e-03 2.004220e-18
8.738754e-03 2.070666e-18
8.748212e-03 2.134928e-18
8.757669e-03 2.196936e-18
8.767127e-03 2.256624e-18
8.776584e-03 2.313926e-18
8.786042e-03 2.368781e-18
8.795499e-03 2.421127e-18
8.804957e-03 2.470906e-18
8.814415e-03 2.518061e-18
8.823872e-03 2.562537e-18
8.833330e-03 2.604282e-18
8.842787e-03 2.643245e-18
8.852245e-03 2.679380e-18
8.861702e-03 2.712644e-18
8.871160e-03 2.742999e-18
8.880617e-03 2.770411e-18
8.890075e-03 2.794850e-18
8.899532e-03 2.816289e-18
8.908990e-03 2.834708e-18
8.918447e-03 2.850089e-18
8.927905e-03 2.862417e-18
8.937362e-03 2.871682e-18
8.946820e-03 2.877879e-18
8.956277e-03 2.881002e-18
8.965735e-03 2.881052e-18
8.975193e-03 2.878030e-18
8.984650e-03 2.871941e-18
8.994108e-03 2.862790e-18
9.003565e-03 2.850584e-18
9.013023e-03 2.835332e-18
9.022480e-03 2.817044e-18
9.031938e-03 2.795737e-18
9.041395e-03 2.771429e-18
9.050853e-03 2.744142e-18
9.060310e-03 2.713903e-18
9.069768e-03 2.680743e-18
9.079225e-03 2.644693e-18
9.088683e-03 2.605788e-18
9.098140e-03 2.564064e-18
9.107598e-03 2.519559e-18
9.117055e-03 2.472314e-18
9.126513e-03 2.422375e-18
9.135970e-03 2.369788e-18
9.145428e-03 2.314609e-18
9.154886e-03 2.256894e-18
9.164343e-03 2.196707e-18
9.173801e-03 2.134116e-18
9.183258e-03 2.069190e-18
9.192716e-03 2.002005e-18
9.202173e-03 1.932638e-18
9.211631e-03 1.861164e-18
9.221088e-03 1.787663e-18
9.230546e-03 1.712211e-18
9.240003e-03 1.634887e-18
9.249461e-03 1.555771e-18
9.258918e-03 1.474944e-18
9.268376e-03 1.392491e-18
9.277833e-03 1.308498e-18
9.287291e-03 1.223055e-18
9.296748e-03 1.136253e-18
9.306206e-03 1.048183e-18
9.315663e-03 9.589389e-19
9.325121e-03 8.686118e-19
9.334579e-03 7.772948e-19
9.344036e-03 6.850818e-19
9.353494e-03 5.920681e-19
9.362951e-03 4.983515e-19
9.372409e-03 4.040320e-19
9.381866e-03 3.092120e-19
9.391324e-03 2.139957e-19
9.400781e-03 1.184880e-19
9.410239e-03 2.279423e-20
9.419696e-03 -7.298076e-20
9.429154e-03 -1.687324e-19
9.438611e-03 -2.643566e-19
9.448069e-03 -3.597493e-19
9.457526e-03 -4.548064e-19
9.466984e-03 -5.494245e-19
9.476441e-03 -6.435006e-19
9.485899e-03 -7.369330e-19
9.495356e-03 -8.296212e-19
9.504814e-03 -9.214657e-19
9.514272e-03 -1.012368e-18
9.523729e-03 -1.102229e-18
9.533187e-03 -1.190951e-18
9.542644e-03 -1.278433e-18
9.552102e-03 -1.364578e-18
9.561559e-03 -1.449287e-18
9.571017e-03 -1.532463e-18
9.580474e-03 -1.614012e-18
9.589932e-03 -1.693841e-18
9.599389e-03 -1.771858e-18
9.608847e-03 -1.847975e-18
9.618304e-03 -1.922105e-18
9.627762e-03 -1.994160e-18
9.637219e-03 -2.064057e-18
9.646677e-03 -2.131716e-18
9.656134e-03 -2.197057e-18
9.665592e-03 -2.260007e-18
9.675049e-03 -2.320493e-18
9.684507e-03 -2.378448e-18
9.693965e-03 -2.433808e-18
9.703422e-03 -2.486514e-18
9.712880e-03 -2.536512e-18
9.722337e-03 -2.583750e-18
9.731795e-03 -2.628180e-18
9.741252e-03 -2.669758e-18
9.750710e-03 -2.708437e-18
9.760167e-03 -2.744177e-18
9.769625e-03 -2.776936e-18
9.779082e-03 -2.806673e-18
9.788540e-03 -2.833349e-18
9.797997e-03 -2.856925e-18
9.807455e-03 -2.877364e-18
9.816912e-03 -2.894631e-18
9.826370e-03 -2.908694e-18
9.835827e-03 -2.919523e-18
9.845285e-03 -2.927092e-18
9.854742e-03 -2.931383e-18
9.864200e-03 -2.932378e-18
9.873658e-03 -2.930069e-18
9.883115e-03 -2.924452e-18
9.892573e-03 -2.915527e-18
9.902030e-03 -2.903299e-18
9.911488e-03 -2.887775e-18
9.920945e-03 -2.868967e-18
9.930403e-03 -2.846892e-18
9.939860e-03 -2.821567e-18
9.949318e-03 -2.793018e-18
9.958775e-03 -2.761270e-18
9.968233e-03 -2.726355e-18
9.977690e-03 -2.688307e-18
9.987148e-03 -2.647162e-18
9.996605e-03 -2.602957e-18
1.000606e-02 -2.555734e-18
1.001552e-02 -2.505532e-18
1.002498e-02 -2.452397e-18
1.003444e-02 -2.396374e-18
1.004389e-02 -2.337512e-18
1.005335e-02 -2.275865e-18
1.006281e-02 -2.211490e-18
1.007227e-02 -2.144451e-18
1.008172e-02 -2.074817e-18
1.009118e-02 -2.002662e-18
1.010064e-02 -1.928065e-18
1.011010e-02 -1.851104e-18
1.011955e-02 -1.771863e-18
1.012901e-02 -1.690426e-18
1.013847e-02 -1.606883e-18
1.014793e-02 -1.521326e-18
1.015738e-02 -1.433849e-18
1.016684e-02 -1.344553e-18
1.017630e-02 -1.253538e-18
1.018576e-02 -1.160908e-18
1.019521e-02 -1.066769e-18
1.020467e-02 -9.712251e-19
1.021413e-02 -8.743848e-19
1.022359e-02 -7.763579e-19
1.023304e-02 -6.772580e-19
1.024250e-02 -5.772029e-19
1.025196e-02 -4.763146e-19
1.026142e-02 -3.747184e-19
1.027087e-02 -2.725421e-19
1.028033e-02 -1.699142e-19
1.028979e-02 -6.696287e-20
1.029925e-02 3.618534e-20
1.030870e-02 1.394059e-19
1.031816e-02 2.425770e-19
1.032762e-02 3.455791e-19
1.033708e-02 4.482952e-19
1.034653e-02 5.506094e-19
1.035599e-02 6.524060e-19
1.036545e-02 7.535684e-19
1.037491e-02 8.539780e-19
1.038436e-02 9.535142e-19
1.039382e-02 1.052055e-18
1.040328e-02 1.149477e-18
1.041274e-02 1.245658e-18
1.042219e-02 1.340475e-18
1.043165e-02 1.433807e-18
1.044111e-02 1.525533e-18
1.045057e-02 1.615533e-18
1.046002e-02 1.703689e-18
1.046948e-02 1.789884e-18
1.047894e-02 1.874006e-18
1.048840e-02 1.955947e-18
1.049785e-02 2.035601e-18
1.050731e-02 2.112869e-18
1.051677e-02 2.187656e-18
1.052623e-02 2.259869e-18
1.053568e-02 2.329420e-18
1.054514e-02 2.396221e-18
1.055460e-02 2.460185e-18
1.056406e-02 2.521228e-18
1.057351e-02 2.579271e-18
1.058297e-02 2.634237e-18
1.059243e-02 2.686056e-18
1.060189e-02 2.734665e-18
1.061134e-02 2.780005e-18
1.062080e-02 2.822022e-18
1.063026e-02 2.860668e-18
1.063972e-02 2.895895e-18
1.064917e-02 2.927658e-18
1.065863e-02 2.955913e-18
1.066809e-02 2.980621e-18
1.067755e-02 3.001740e-18
1.068700e-02 3.019237e-18
1.069646e-02 3.033077e-18
1.070592e-02 3.043233e-18
1.071538e-02 3.049679e-18
1.072483e-02 3.052397e-18
1.073429e-02 3.051372e-18
1.074375e-02 3.046594e-18
1.075321e-02 3.038057e-18
1.076266e-02 3.025762e-18
1.077212e-02 3.009709e-18
1.078158e-02 2.989906e-18
1.079104e-02 2.966362e-18
1.080050e-02 2.939090e-18
1.080995e-02 2.908111e-18
1.081941e-02 2.873450e-18
1.082887e-02 2.835138e-18
1.083833e-02 2.793213e-18
1.084778e-02 2.747715e-18
1.085724e-02 2.698691e-18
1.086670e-02 2.646189e-18
1.087616e-02 2.590261e-18
1.088561e-02 2.530964e-18
1.089507e-02 2.468364e-18
1.090453e-02 2.402533e-18
1.091399e-02 2.333550e-18
1.092344e-02 2.261504e-18
1.093290e-02 2.186485e-18
1.094236e-02 2.108586e-18
1.095182e-02 2.027898e-18
1.096127e-02 1.944514e-18
1.097073e-02 1.858522e-18
1.098019e-02 1.770013e-18
1.098965e-02 1.679081e-18
1.099910e-02 1.585824e-18
1.100856e-02 1.490350e-18
1.101802e-02 1.392772e-18
1.102748e-02 1.293214e-18
1.103693e-02 1.191802e-18
1.104639e-02 1.088670e-18
1.105585e-02 9.839494e-19
1.106531e-02 8.777729e-19
1.107476e-02 7.702712e-19
1.108422e-02 6.615748e-19
1.109368e-02 5.518153e-19
1.110314e-02 4.411273e-19
1.111259e-02 3.296498e-19
1.112205e-02 2.175265e-19
1.113151e-02 1.049051e-19
1.114097e-02 -8.063847e-21
1.115042e-02 -1.212288e-19
1.115988e-02 -2.344384e-19
1.116934e-02 -3.475420e-19
1.117880e-02 -4.603901e-19
1.118825e-02 -5.728344e-19
1.119771e-02 -6.847278e-19
1.120717e-02 -7.959238e-19
1.121663e-02 -9.062771e-19
1.122608e-02 -1.015643e-18
1.123554e-02 -1.123877e-18
1.124500e-02 -1.230836e-18
1.125446e-02 -1.336373e-18
1.126391e-02 -1.440345e-18
1.127337e-02 -1.542605e-18
1.128283e-02 -1.643007e-18
1.129229e-02 -1.741403e-18
1.130174e-02 -1.837650e-18
1.131120e-02 -1.931605e-18
1.132066e-02 -2.023129e-18
1.133012e-02 -2.112087e-18
1.133957e-02 -2.198350e-18
1.134903e-02 -2.281789e-18
1.135849e-02 -2.362280e-18
1.136795e-02 -2.439701e-18
1.137740e-02 -2.513931e-18
1.138686e-02 -2.584850e-18
1.139632e-02 -2.652342e-18
1.140578e-02 -2.716296e-18
1.141523e-02 -2.776603e-18
1.142469e-02 -2.833167e-18
1.143415e-02 -2.885895e-18
1.144361e-02 -2.934706e-18
1.145306e-02 -2.979527e-18
1.146252e-02 -3.020292e-18
1.147198e-02 -3.056942e-18
1.148144e-02 -3.089421e-18
1.149089e-02 -3.117679e-18
1.150035e-02 -3.141668e-18
1.150981e-02 -3.161342e-18
1.151927e-02 -3.176664e-18
1.152872e-02 -3.187600e-18
1.153818e-02 -3.194123e-18
1.154764e-02 -3.196216e-18
1.155710e-02 -3.193867e-18
1.156655e-02 -3.187075e-18
1.157601e-02 -3.175842e-18
1.158547e-02 -3.160177e-18
1.159493e-02 -3.140093e-18
1.160438e-02 -3.115607e-18
1.161384e-02 -3.086739e-18
1.162330e-02 -3.053512e-18
1.163276e-02 -3.015952e-18
1.164221e-02 -2.974093e-18
1.165167e-02 -2.927972e-18
1.166113e-02 -2.877638e-18
1.167059e-02 -2.823149e-18
1.168005e-02 -2.764571e-18
1.168950e-02 -2.701979e-18
1.169896e-02 -2.635454e-18
1.170842e-02 -2.565083e-18
1.171788e-02 -2.490958e-18
1.172733e-02 -2.413176e-18
1.173679e-02 -2.331839e-18
1.174625e-02 -2.247055e-18
1.175571e-02 -2.158944e-18
1.176516e-02 -2.067630e-18
1.177462e-02 -1.973249e-18
1.178408e-02 -1.875939e-18
1.179354e-02 -1.775846e-18
1.180299e-02 -1.673117e-18
1.181245e-02 -1.567898e-18
1.182191e-02 -1.460339e-18
1.183137e-02 -1.350589e-18
1.184082e-02 -1.238798e-18
1.185028e-02 -1.125123e-18
1.185974e-02 -1.009721e-18
1.186920e-02 -8.927574e-19
1.187865e-02 -7.743990e-19
1.188811e-02 -6.548177e-19
1.189757e-02 -5.341871e-19
1.190703e-02 -4.126822e-19
1.191648e-02 -2.904773e-19
1.192594e-02 -1.677454e-19
1.193540e-02 -4.465782e-20
1.194486e-02 7.861561e-20
1.195431e-02 2.019059e-19
1.196377e-02 3.250435e-19
1.197323e-02 4.478570e-19
1.198269e-02 5.701715e-19
1.199214e-02 6.918071e-19
1.200160e-02 8.125782e-19
1.201106e-02 9.322938e-19
1.202052e-02 1.050759e-18
1.202997e-02 1.167779e-18
1.203943e-02 1.283160e-18
1.204889e-02 1.396717e-18
1.205835e-02 1.508273e-18
1.206780e-02 1.617661e-18
1.207726e-02 1.724725e-18
1.208672e-02 1.829313e-18
1.209618e-02 1.931281e-18
1.210563e-02 2.030485e-18
1.211509e-02 2.126781e-18
1.212455e-02 2.220026e-18
1.213401e-02 2.310076e-18
1.214346e-02 2.396790e-18
1.215292e-02 2.480034e-18
1.216238e-02 2.559678e-18
1.217184e-02 2.635601e-18
1.218129e-02 2.707685e-18
1.219075e-02 2.775823e-18
1.220021e-02 2.839907e-18
1.220967e-02 2.899834e-18
1.221912e-02 2.955504e-18
1.222858e-02 3.006818e-18
1.223804e-02 3.053681e-18
1.224750e-02 3.096005e-18
1.225695e-02 3.133711e-18
1.226641e-02 3.166732e-18
1.227587e-02 3.195013e-18
1.228533e-02 3.218513e-18
1.229478e-02 3.237200e-18
1.230424e-02 3.251053e-18
1.231370e-02 3.260057e-18
1.232316e-02 3.264197e-18
1.233261e-02 3.263459e-18
1.234207e-02 3.257827e-18
1.235153e-02 3.247284e-18
1.236099e-02 3.231817e-18
1.237044e-02 3.211419e-18
1.237990e-02 3.186089e-18
1.238936e-02 3.155842e-18
1.239882e-02 3.120705e-18
1.240827e-02 3.080720e-18
1.241773e-02 3.035942e-18
1.242719e-02 2.986441e-18
1.243665e-02 2.932298e-18
1.244610e-02 2.873602e-18
1.245556e-02 2.810451e-18
1.246502e-02 2.742945e-18
1.247448e-02 2.671188e-18
1.248393e-02 2.595287e-18
1.249339e-02 2.515349e-18
1.250285e-02 2.431484e-18
1.251231e-02 2.343805e-18
1.252176e-02 2.252433e-18
1.253122e-02 2.157492e-18
1.254068e-02 2.059114e-18
1.255014e-02 1.957437e-18
1.255959e-02 1.852602e-18
1.256905e-02 1.744752e-18
1.257851e-02 1.634039e-18
1.258797e-02 1.520616e-18
1.259743e-02 1.404652e-18
1.260688e-02 1.286327e-18
1.261634e-02 1.165834e-18
1.262580e-02 1.043378e-18
1.263526e-02 9.191723e-19
1.264471e-02 7.934281e-19
1.265417e-02 6.663529e-19
1.266363e-02 5.381470e-19
1.267309e-02 4.090031e-19
1.268254e-02 2.791090e-19
1.269200e-02 1.486509e-19
1.270146e-02 1.781782e-20
1.271092e-02 -1.131947e-19
1.272037e-02 -2.441826e-19
1.272983e-02 -3.749326e-19
1.273929e-02 -5.052237e-19
1.274875e-02 -6.348296e-19
1.275820e-02 -7.635224e-19
1.276766e-02 -8.910766e-19
1.277712e-02 -1.017272e-18
1.278658e-02 -1.141896e-18
1.279603e-02 -1.264746e-18
1.280549e-02 -1.385628e-18
1.281495e-02 -1.504354e-18
1.282441e-02 -1.620742e-18
1.283386e-02 -1.734609e-18
1.284332e-02 -1.845777e-18
1.285278e-02 -1.954065e-18
1.286224e-02 -2.059295e-18
1.287169e-02 -2.161293e-18
1.288115e-02 -2.259891e-18
1.289061e-02 -2.354924e-18
1.290007e-02 -2.446237e-18
1.290952e-02 -2.533677e-18
1.291898e-02 -2.617096e-18
1.292844e-02 -2.696348e-18
1.293790e-02 -2.771295e-18
1.294735e-02 -2.841799e-18
1.295681e-02 -2.907733e-18
1.296627e-02 -2.968976e-18
1.297573e-02 -3.025418e-18
1.298518e-02 -3.076960e-18
1.299464e-02 -3.123517e-18
1.300410e-02 -3.165013e-18
1.301356e-02 -3.201381e-18
1.302301e-02 -3.232565e-18
1.303247e-02 -3.258513e-18
1.304193e-02 -3.279180e-18
1.305139e-02 -3.294524e-18
1.306084e-02 -3.304512e-18
1.307030e-02 -3.309117e-18
1.307976e-02 -3.308322e-18
1.308922e-02 -3.302120e-18
1.309867e-02 -3.290517e-18
1.310813e-02 -3.273530e-18
1.311759e-02 -3.251185e-18
1.312705e-02 -3.223514e-18
1.313650e-02 -3.190557e-18
1.314596e-02 -3.152360e-18
1.315542e-02 -3.108976e-18
1.316488e-02 -3.060465e-18
1.317433e-02 -3.006902e-18
1.318379e-02 -2.948376e-18
1.319325e-02 -2.884989e-18
1.320271e-02 -2.816858e-18
1.321216e-02 -2.744107e-18
1.322162e-02 -2.666866e-18
1.323108e-02 -2.585264e-18
1.324054e-02 -2.499428e-18
1.324999e-02 -2.409484e-18
1.325945e-02 -2.315557e-18
1.326891e-02 -2.217781e-18
1.327837e-02 -2.116297e-18
1.328782e-02 -2.011261e-18
1.329728e-02 -1.902845e-18
1.330674e-02 -1.791228e-18
1.331620e-02 -1.676601e-18
1.332565e-02 -1.559154e-18
1.333511e-02 -1.439078e-18
1.334457e-02 -1.316564e-18
1.335403e-02 -1.191802e-18
1.336348e-02 -1.064984e-18
1.337294e-02 -9.363100e-19
1.338240e-02 -8.059881e-19
1.339186e-02 -6.742336e-19
1.340131e-02 -5.412678e-19
1.341077e-02 -4.073137e-19
1.342023e-02 -2.725931e-19
1.342969e-02 -1.373235e-19
1.343914e-02 -1.719013e-21
1.344860e-02 1.340076e-19
1.345806e-02 2.696409e-19
1.346752e-02 4.049592e-19
1.347698e-02 5.397330e-19
1.348643e-02 6.737257e-19
1.349589e-02 8.066978e-19
1.350535e-02 9.384125e-19
1.351481e-02 1.068641e-18
1.352426e-02 1.197167e-18
1.353372e-02 1.323788e-18
1.354318e-02 1.448310e-18
1.355264e-02 1.570546e-18
1.356209e-02 1.690308e-18
1.357155e-02 1.807402e-18
1.358101e-02 1.921623e-18
1.359047e-02 2.032762e-18
1.359992e-02 2.140601e-18
1.360938e-02 2.244922e-18
1.361884e-02 2.345512e-18
1.362830e-02 2.442168e-18
1.363775e-02 2.534703e-18
1.364721e-02 2.622942e-18
1.365667e-02 2.706731e-18
1.366613e-02 2.785927e-18
1.367558e-02 2.860403e-18
1.368504e-02 2.930043e-18
1.369450e-02 2.994740e-18
1.370396e-02 3.054391e-18
1.371341e-02 3.108901e-18
1.372287e-02 3.158177e-18
1.373233e-02 3.202132e-18
1.374179e-02 3.240684e-18
1.375124e-02 3.273758e-18
1.376070e-02 3.301287e-18
1.377016e-02 3.323215e-18
1.377962e-02 3.339492e-18
1.378907e-02 3.350079e-18
1.379853e-02 3.354942e-18
1.380799e-02 3.354057e-18
1.381745e-02 3.347409e-18
1.382690e-02 3.334992e-18
1.383636e-02 3.316810e-18
1.384582e-02 3.292881e-18
1.385528e-02 3.263237e-18
1.386473e-02 3.227919e-18
1.387419e-02 3.186980e-18
1.388365e-02 3.140477e-18
1.389311e-02 3.088479e-18
1.390256e-02 3.031053e-18
1.391202e-02 2.968278e-18
1.392148e-02 2.900235e-18
1.393094e-02 2.827018e-18
1.394039e-02 2.748731e-18
1.394985e-02 2.665495e-18
1.395931e-02 2.577443e-18
1.396877e-02 2.484722e-18
1.397822e-02 2.387491e-18
1.398768e-02 2.285917e-18
1.399714e-02 2.180172e-18
1.400660e-02 2.070433e-18
1.401605e-02 1.956884e-18
1.402551e-02 1.839715e-18
1.403497e-02 1.719124e-18
1.404443e-02 1.595321e-18
1.405388e-02 1.468528e-18
1.406334e-02 1.338973e-18
1.407280e-02 1.206892e-18
1.408226e-02 1.072522e-18
1.409171e-02 9.360975e-19
1.410117e-02 7.978503e-19
1.411063e-02 6.580078e-19
1.412009e-02 5.167958e-19
1.412954e-02 3.744412e-19
1.413900e-02 2.311759e-19
1.414846e-02 8.723953e-20
1.415792e-02 -5.711796e-20
1.416737e-02 -2.016367e-19
1.417683e-02 -3.460481e-19
1.418629e-02 -4.900783e-19
1.419575e-02 -6.334521e-19
1.420520e-02 -7.758982e-19
1.421466e-02 -9.171521e-19
1.422412e-02 -1.056959e-18
1.423358e-02 -1.195075e-18
1.424303e-02 -1.331263e-18
1.425249e-02 -1.465291e-18
1.426195e-02 -1.596929e-18
1.427141e-02 -1.725945e-18
1.428086e-02 -1.852102e-18
1.429032e-02 -1.975158e-18
1.429978e-02 -2.094868e-18
1.430924e-02 -2.210985e-18
1.431869e-02 -2.323264e-18
1.432815e-02 -2.431469e-18
1.433761e-02 -2.535371e-18
1.434707e-02 -2.634756e-18
1.435652e-02 -2.729426e-18
1.436598e-02 -2.819198e-18
1.437544e-02 -2.903902e-18
1.438490e-02 -2.983382e-18
1.439436e-02 -3.057488e-18
1.440381e-02 -3.126080e-18
1.441327e-02 -3.189019e-18
1.442273e-02 -3.246177e-18
1.443219e-02 -3.297429e-18
1.444164e-02 -3.342660e-18
1.445110e-02 -3.381766e-18
1.446056e-02 -3.414655e-18
1.447002e-02 -3.441249e-18
1.447947e-02 -3.461482e-18
1.448893e-02 -3.475299e-18
1.449839e-02 -3.482659e-18
1.450785e-02 -3.483531e-18
1.451730e-02 -3.477894e-18
1.452676e-02 -3.465740e-18
1.453622e-02 -3.447070e-18
1.454568e-02 -3.421895e-18
1.455513e-02 -3.390236e-18
1.456459e-02 -3.352125e-18
1.457405e-02 -3.307601e-18
1.458351e-02 -3.256715e-18
1.459296e-02 -3.199530e-18
1.460242e-02 -3.136126e-18
1.461188e-02 -3.066600e-18
1.462134e-02 -2.991070e-18
1.463079e-02 -2.909673e-18
1.464025e-02 -2.822563e-18
1.464971e-02 -2.729908e-18
1.465917e-02 -2.631889e-18
1.466862e-02 -2.528690e-18
1.467808e-02 -2.420506e-18
1.468754e-02 -2.307532e-18
1.469700e-02 -2.189967e-18
1.470645e-02 -2.068014e-18
1.471591e-02 -1.941875e-18
1.472537e-02 -1.811761e-18
1.473483e-02 -1.677888e-18
1.474428e-02 -1.540480e-18
1.475374e-02 -1.399775e-18
1.476320e-02 -1.256023e-18
1.477266e-02 -1.109485e-18
1.478211e-02 -9.604311e-19
1.479157e-02 -8.091379e-19
1.480103e-02 -6.558854e-19
1.481049e-02 -5.009554e-19
1.481994e-02 -3.446323e-19
1.482940e-02 -1.872045e-19
1.483886e-02 -2.896604e-20
1.484832e-02 1.297817e-19
1.485777e-02 2.887297e-19
1.486723e-02 4.475615e-19
1.487669e-02 6.059542e-19
1.488615e-02 7.635799e-19
1.489560e-02 9.201072e-19
1.490506e-02 1.075204e-18
1.491452e-02 1.228537e-18
1.492398e-02 1.379780e-18
1.493343e-02 1.528610e-18
1.494289e-02 1.674713e-18
1.495235e-02 1.817781e-18
1.496181e-02 1.957513e-18
1.497126e-02 2.093616e-18
1.498072e-02 2.225798e-18
1.499018e-02 2.353774e-18
1.499964e-02 2.477265e-18
1.500909e-02 2.595996e-18
1.501855e-02 2.709707e-18
1.502801e-02 2.818146e-18
1.503747e-02 2.921075e-18
1.504692e-02 3.018265e-18
1.505638e-02 3.109499e-18
1.506584e-02 3.194567e-18
1.507530e-02 3.273268e-18
1.508475e-02 3.345411e-18
1.509421e-02 3.410816e-18
1.510367e-02 3.469317e-18
1.511313e-02 3.520761e-18
1.512258e-02 3.565010e-18
1.513204e-02 3.601936e-18
1.514150e-02 3.631427e-18
1.515096e-02 3.653380e-18
1.516041e-02 3.667710e-18
1.516987e-02 3.674347e-18
1.517933e-02 3.673241e-18
1.518879e-02 3.664366e-18
1.519824e-02 3.647718e-18
1.520770e-02 3.623315e-18
1.521716e-02 3.591192e-18
1.522662e-02 3.551399e-18
1.523607e-02 3.503996e-18
1.524553e-02 3.449049e-18
1.525499e-02 3.386630e-18
1.526445e-02 3.316821e-18
1.527391e-02 3.239711e-18
1.528336e-02 3.155402e-18
1.529282e-02 3.064014e-18
1.530228e-02 2.965684e-18
1.531174e-02 2.860573e-18
1.532119e-02 2.748867e-18
1.533065e-02 2.630781e-18
1.534011e-02 2.506552e-18
1.534957e-02 2.376442e-18
1.535902e-02 2.240728e-18
1.536848e-02 2.099695e-18
1.537794e-02 1.953629e-18
1.538740e-02 1.802817e-18
1.539685e-02 1.647540e-18
1.540631e-02 1.488086e-18
1.541577e-02 1.324753e-18
1.542523e-02 1.157863e-18
1.543468e-02 9.877621e-19
1.544414e-02 8.148321e-19
1.545360e-02 6.394830e-19
1.546306e-02 4.621472e-19
1.547251e-02 2.832687e-19
1.548197e-02 1.032911e-19
1.549143e-02 -7.735315e-20
1.550089e-02 -2.582487e-19
1.551034e-02 -4.389988e-19
1.551980e-02 -6.192219e-19
1.552926e-02 -7.985436e-19
1.553872e-02 -9.765881e-19
1.554817e-02 -1.152971e-18
1.555763e-02 -1.327293e-18
1.556709e-02 -1.499142e-18
1.557655e-02 -1.668098e-18
1.558600e-02 -1.833731e-18
1.559546e-02 -1.995615e-18
1.560492e-02 -2.153332e-18
1.561438e-02 -2.306472e-18
1.562383e-02 -2.454640e-18
1.563329e-02 -2.597455e-18
1.564275e-02 -2.734554e-18
1.565221e-02 -2.865585e-18
1.566166e-02 -2.990213e-18
1.567112e-02 -3.108112e-18
1.568058e-02 -3.218961e-18
1.569004e-02 -3.322447e-18
1.569949e-02 -3.418261e-18
1.570895e-02 -3.506101e-18
1.571841e-02 -3.585680e-18
1.572787e-02 -3.656729e-18
1.573732e-02 -3.719009e-18
1.574678e-02 -3.772313e-18
1.575624e-02 -3.816471e-18
1.576570e-02 -3.851342e-18
1.577515e-02 -3.876814e-18
1.578461e-02 -3.892792e-18
1.579407e-02 -3.899193e-18
1.580353e-02 -3.895939e-18
1.581298e-02 -3.882958e-18
1.582244e-02 -3.860187e-18
1.583190e-02 -3.827583e-18
1.584136e-02 -3.785130e-18
1.585081e-02 -3.732847e-18
1.586027e-02 -3.670797e-18
1.586973e-02 -3.599086e-18
1.587919e-02 -3.517857e-18
1.588864e-02 -3.427282e-18
1.589810e-02 -3.327559e-18
1.590756e-02 -3.218900e-18
1.591702e-02 -3.101532e-18
1.592647e-02 -2.975697e-18
1.593593e-02 -2.841652e-18
1.594539e-02 -2.699683e-18
1.595485e-02 -2.550098e-18
1.596430e-02 -2.393243e-18
1.597376e-02 -2.229494e-18
1.598322e-02 -2.059265e-18
1.599268e-02 -1.882998e-18
1.600213e-02 -1.701159e-18
1.601159e-02 -1.514227e-18
1.602105e-02 -1.322685e-18
1.603051e-02 -1.127014e-18
1.603996e-02 -9.276869e-19
1.604942e-02 -7.251713e-19
1.605888e-02 -5.199381e-19
1.606834e-02 -3.124714e-19
1.607779e-02 -1.032799e-19
1.608725e-02 1.070958e-19
1.609671e-02 3.180813e-19
1.610617e-02 5.290736e-19
1.611562e-02 7.394513e-19
1.612508e-02 9.485863e-19
1.613454e-02 1.155854e-18
1.614400e-02 1.360642e-18
1.615345e-02 1.562347e-18
1.616291e-02 1.760380e-18
1.617237e-02 1.954160e-18
1.618183e-02 2.143109e-18
1.619129e-02 2.326655e-18
1.620074e-02 2.504230e-18
1.621020e-02 2.675272e-18
1.621966e-02 2.839232e-18
1.622912e-02 2.995576e-18
1.623857e-02 3.143792e-18
1.624803e-02 3.283399e-18
1.625749e-02 3.413938e-18
1.626695e-02 3.534980e-18
1.627640e-02 3.646117e-18
1.628586e-02 3.746959e-18
1.629532e-02 3.837129e-18
1.630478e-02 3.916262e-18
1.631423e-02 3.984014e-18
1.632369e-02 4.040063e-18
1.633315e-02 4.084121e-18
1.634261e-02 4.115941e-18
1.635206e-02 4.135322e-18
1.636152e-02 4.142105e-18
1.637098e-02 4.136178e-18
1.638044e-02 4.117465e-18
1.638989e-02 4.085922e-18
1.639935e-02 4.041538e-18
1.640881e-02 3.984331e-18
1.641827e-02 3.914357e-18
1.642772e-02 3.831710e-18
1.643718e-02 3.736528e-18
1.644664e-02 3.628998e-18
1.645610e-02 3.509354e-18
1.646555e-02 3.377872e-18
1.647501e-02 3.234872e-18
1.648447e-02 3.080708e-18
1.649393e-02 2.915772e-18
1.650338e-02 2.740483e-18
1.651284e-02 2.555296e-18
1.652230e-02 2.360697e-18
1.653176e-02 2.157206e-18
1.654121e-02 1.945382e-18
1.655067e-02 1.725830e-18
1.656013e-02 1.499195e-18
1.656959e-02 1.266171e-18
1.657904e-02 1.027496e-18
1.658850e-02 7.839456e-19
1.659796e-02 5.363274e-19
1.660742e-02 2.854726e-19
1.661687e-02 3.222873e-20
1.662633e-02 -2.225462e-19
1.663579e-02 -4.779856e-19
1.664525e-02 -7.332137e-19
1.665470e-02 -9.873437e-19
1.666416e-02 -1.239476e-18
1.667362e-02 -1.488701e-18
1.668308e-02 -1.734100e-18
1.669253e-02 -1.974757e-18
1.670199e-02 -2.209761e-18
1.671145e-02 -2.438214e-18
1.672091e-02 -2.659227e-18
1.673036e-02 -2.871927e-18
1.673982e-02 -3.075446e-18
1.674928e-02 -3.268929e-18
1.675874e-02 -3.451535e-18
1.676819e-02 -3.622449e-18
1.677765e-02 -3.780885e-18
1.678711e-02 -3.926098e-18
1.679657e-02 -4.057388e-18
1.680602e-02 -4.174098e-18
1.681548e-02 -4.275613e-18
1.682494e-02 -4.361358e-18
1.683440e-02 -4.430802e-18
1.684385e-02 -4.483456e-18
1.685331e-02 -4.518884e-18
1.686277e-02 -4.536711e-18
1.687223e-02 -4.536633e-18
1.688168e-02 -4.518420e-18
1.689114e-02 -4.481925e-18
1.690060e-02 -4.427081e-18
1.691006e-02 -4.353902e-18
1.691951e-02 -4.262472e-18
1.692897e-02 -4.152939e-18
1.693843e-02 -4.025511e-18
1.694789e-02 -3.880450e-18
1.695734e-02 -3.718076e-18
1.696680e-02 -3.538772e-18
1.697626e-02 -3.342995e-18
1.698572e-02 -3.131290e-18
1.699517e-02 -2.904299e-18
1.700463e-02 -2.662769e-18
1.701409e-02 -2.407552e-18
1.702355e-02 -2.139593e-18
1.703300e-02 -1.859918e-18
1.704246e-02 -1.569621e-18
1.705192e-02 -1.269844e-18
1.706138e-02 -9.617745e-19
1.707084e-02 -6.466349e-19
1.708029e-02 -3.256896e-19
1.708975e-02 -2.504474e-22
1.709921e-02 3.283150e-19
1.710867e-02 6.585766e-19
1.711812e-02 9.890405e-19
1.712758e-02 1.318153e-18
1.713704e-02 1.644311e-18
1.714650e-02 1.965878e-18
1.715595e-02 2.281196e-18
1.716541e-02 2.588605e-18
1.717487e-02 2.886446e-18
1.718433e-02 3.173066e-18
1.719378e-02 3.446821e-18
1.720324e-02 3.706071e-18
1.721270e-02 3.949186e-18
1.722216e-02 4.174548e-18
1.723161e-02 4.380569e-18
1.724107e-02 4.565703e-18
1.725053e-02 4.728471e-18
1.725999e-02 4.867485e-18
1.726944e-02 4.981458e-18
1.727890e-02 5.069229e-18
1.728836e-02 5.129759e-18
1.729782e-02 5.162146e-18
1.730727e-02 5.165611e-18
1.731673e-02 5.139505e-18
1.732619e-02 5.083306e-18
1.733565e-02 4.996631e-18
1.734510e-02 4.879244e-18
1.735456e-02 4.731088e-18
1.736402e-02 4.552295e-18
1.737348e-02 4.343216e-18
1.738293e-02 4.104421e-18
1.739239e-02 3.836709e-18
1.740185e-02 3.541105e-18
1.741131e-02 3.218852e-18
1.742076e-02 2.871411e-18
1.743022e-02 2.500463e-18
1.743968e-02 2.107911e-18
1.744914e-02 1.695889e-18
1.745859e-02 1.266766e-18
1.746805e-02 8.231505e-19
1.747751e-02 3.678989e-19
1.748697e-02 -9.588976e-20
1.749642e-02 -5.648759e-19
1.750588e-02 -1.035493e-18
1.751534e-02 -1.503970e-18
1.752480e-02 -1.966366e-18
1.753425e-02 -2.418612e-18
1.754371e-02 -2.856557e-18
1.755317e-02 -3.276012e-18
1.756263e-02 -3.672791e-18
1.757208e-02 -4.042748e-18
1.758154e-02 -4.381803e-18
1.759100e-02 -4.685984e-18
1.760046e-02 -4.951467e-18
1.760991e-02 -5.174630e-18
1.761937e-02 -5.352120e-18
1.762883e-02 -5.480918e-18
1.763829e-02 -5.558417e-18
1.764774e-02 -5.582483e-18
1.765720e-02 -5.551514e-18
1.766666e-02 -5.464488e-18
1.767612e-02 -5.320996e-18
1.768557e-02 -5.121276e-18
1.769503e-02 -4.866233e-18
1.770449e-02 -4.557462e-18
1.771395e-02 -4.197267e-18
1.772340e-02 -3.788683e-18
1.773286e-02 -3.335485e-18
1.774232e-02 -2.842202e-18
1.775178e-02 -2.314103e-18
1.776123e-02 -1.757186e-18
1.777069e-02 -1.178134e-18
1.778015e-02 -5.842552e-19
1.778961e-02 1.659752e-20
1.779906e-02 6.161341e-19
1.780852e-02 1.205747e-18
1.781798e-02 1.776648e-18
1.782744e-02 2.320015e-18
1.783689e-02 2.827142e-18
1.784635e-02 3.289604e-18
1.785581e-02 3.699412e-18
1.786527e-02 4.049192e-18
1.787472e-02 4.332365e-18
1.788418e-02 4.543332e-18
1.789364e-02 4.677666e-18
1.790310e-02 4.732288e-18
1.791255e-02 4.705620e-18
1.792201e-02 4.597701e-18
1.793147e-02 4.410264e-18
1.794093e-02 4.146747e-18
1.795039e-02 3.812281e-18
1.795984e-02 3.413611e-18
1.796930e-02 2.959002e-18
1.797876e-02 2.458100e-18
1.798822e-02 1.921775e-18
1.799767e-02 1.361924e-18
1.800713e-02 7.912468e-19
1.801659e-02 2.229740e-19
1.802605e-02 -3.294415e-19
1.803550e-02 -8.526794e-19
1.804496e-02 -1.333939e-18
1.805442e-02 -1.761350e-18
1.806388e-02 -2.124384e-18
1.807333e-02 -2.414260e-18
1.808279e-02 -2.624319e-18
1.809225e-02 -2.750336e-18
1.810171e-02 -2.790784e-18
1.811116e-02 -2.746990e-18
1.812062e-02 -2.623205e-18
1.813008e-02 -2.426542e-18
1.813954e-02 -2.166788e-18
1.814899e-02 -1.856082e-18
1.815845e-02 -1.508458e-18
1.816791e-02 -1.139275e-18
1.817737e-02 -7.645453e-19
1.818682e-02 -4.002189e-19
1.819628e-02 -6.142871e-20
1.820574e-02 2.382386e-19
1.821520e-02 4.874218e-19
1.822465e-02 6.775729e-19
1.823411e-02 8.034180e-19
1.824357e-02 8.632616e-19
1.825303e-02 8.591035e-19
1.826248e-02 7.965479e-19
1.827194e-02 6.844935e-19
1.828140e-02 5.346061e-19
1.829086e-02 3.605931e-19
1.830031e-02 1.773160e-19
1.830977e-02 -2.044194e-22
1.831923e-02 -1.578251e-19
1.832869e-02 -2.832825e-19
1.833814e-02 -3.670831e-19
1.834760e-02 -4.032095e-19
1.835706e-02 -3.895815e-19
1.836652e-02 -3.282289e-19
1.837597e-02 -2.251534e-19
1.838543e-02 -8.988162e-20
1.839489e-02 6.526698e-20
1.840435e-02 2.261486e-19
1.841380e-02 3.779331e-19
1.842326e-02 5.063260e-19
1.843272e-02 5.987805e-19
1.844218e-02 6.455956e-19
1.845163e-02 6.408053e-19
1.846109e-02 5.827718e-19
1.847055e-02 4.744185e-19
1.848001e-02 3.230704e-19
1.848946e-02 1.399024e-19
1.849892e-02 -6.096469e-20
1.850838e-02 -2.636457e-19
1.851784e-02 -4.518461e-19
1.852729e-02 -6.102686e-19
1.853675e-02 -7.259445e-19
1.854621e-02 -7.893674e-19
1.855567e-02 -7.953267e-19
1.856512e-02 -7.433668e-19
1.857458e-02 -6.378273e-19
1.858404e-02 -4.874598e-19
1.859350e-02 -3.046520e-19
1.860295e-02 -1.043291e-19
1.861241e-02 9.736710e-20
1.862187e-02 2.844955e-19
1.863133e-02 4.426931e-19
1.864078e-02 5.603796e-19
1.865024e-02 6.296803e-19
1.865970e-02 6.469871e-19
1.866916e-02 6.131222e-19
1.867861e-02 5.331079e-19
1.868807e-02 4.155802e-19
1.869753e-02 2.719148e-19
1.870699e-02 1.151515e-19
1.871644e-02 -4.118072e-20
1.872590e-02 -1.842347e-19
1.873536e-02 -3.029061e-19
1.874482e-02 -3.886946e-19
1.875427e-02 -4.362964e-19
1.876373e-02 -4.438865e-19
1.877319e-02 -4.130848e-19
1.878265e-02 -3.486293e-19
1.879210e-02 -2.578031e-19
1.880156e-02 -1.496803e-19
1.881102e-02 -3.426388e-20
1.882048e-02 7.841001e-20
1.882993e-02 1.791245e-19
1.883939e-02 2.602233e-19
1.884885e-02 3.161812e-19
1.885831e-02 3.439589e-19
1.886777e-02 3.431216e-19
1.887722e-02 3.157189e-19
1.888668e-02 2.659526e-19
1.889614e-02 1.996741e-19
1.890560e-02 1.237677e-19
1.891505e-02 4.548375e-20
1.892451e-02 -2.821713e-20
1.893397e-02 -9.125005e-20
1.894343e-02 -1.388748e-19
1.895288e-02 -1.680136e-19
1.896234e-02 -1.773988e-19
1.897180e-02 -1.675502e-19
1.898126e-02 -1.405975e-19
1.899071e-02 -9.997631e-20
1.900017e-02 -5.003580e-20
1.900963e-02 4.399820e-21
1.901909e-02 5.847490e-20
1.902854e-02 1.077137e-19
1.903800e-02 1.483685e-19
1.904746e-02 1.776814e-19
1.905692e-02 1.940456e-19
1.906637e-02 1.970595e-19
1.907583e-02 1.874771e-19
1.908529e-02 1.670658e-19
1.909475e-02 1.383867e-19
1.910420e-02 1.045229e-19
1.911366e-02 6.877862e-20
1.912312e-02 3.437888e-20
1.913258e-02 4.194558e-21
1.914203e-02 -1.948280e-20
1.915149e-02 -3.509928e-20
1.916095e-02 -4.191974e-20
1.917041e-02 -4.002968e-20
1.917986e-02 -3.026415e-20
1.918932e-02 -1.407609e-20
1.919878e-02 6.638490e-21
1.920824e-02 2.973935e-20
1.921769e-02 5.304519e-20
1.922715e-02 7.452349e-20
1.923661e-02 9.245191e-20
1.924607e-02 1.055404e-19
1.925552e-02 1.130069e-19
1.926498e-02 1.146048e-19
1.927444e-02 1.106034e-19
1.928390e-02 1.017268e-19
1.929335e-02 8.905994e-20
1.930281e-02 7.393086e-20
1.931227e-02 5.778043e-20
1.932173e-02 4.203136e-20
1.933118e-02 2.796714e-20
1.934064e-02 1.663064e-20
1.935010e-02 8.750213e-21
1.935956e-02 4.698066e-21
1.936901e-02 4.482858e-21
1.937847e-02 7.774929e-21
1.938793e-02 1.395974e-20
1.939739e-02 2.221269e-20
1.940684e-02 3.158701e-20
1.941630e-02 4.110566e-20
1.942576e-02 4.984880e-20
1.943522e-02 5.702937e-20
1.944467e-02 6.205099e-20
1.945413e-02 6.454478e-20
1.946359e-02 6.438355e-20
1.947305e-02 6.167407e-20
1.948250e-02 5.672998e-20
1.949196e-02 5.002912e-20
1.950142e-02 4.216022e-20
1.951088e-02 3.376432e-20
1.952033e-02 2.547614e-20
1.952979e-02 1.787056e-20
1.953925e-02 1.141811e-20
1.954871e-02 6.452734e-21
1.955816e-02 3.153524e-21
1.956762e-02 1.541006e-21
1.957708e-02 1.487187e-21
1.958654e-02 2.737588e-21
1.959599e-02 4.942478e-21
1.960545e-02 7.694111e-21
1.961491e-02 1.056627e-20
1.962437e-02 1.315266e-20
1.963382e-02 1.510078e-20
1.964328e-02 1.613862e-20
1.965274e-02 1.609232e-20
1.966220e-02 1.489391e-20
1.967165e-02 1.257906e-20
1.968111e-02 9.276047e-21
1.969057e-02 5.187354e-21
1.970003e-02 5.664291e-22
1.970948e-02 -4.308192e-21
1.971894e-02 -9.158641e-21
1.972840e-02 -1.373132e-20
1.973786e-02 -1.781631e-20
1.974732e-02 -2.126166e-20
1.975677e-02 -2.398155e-20
1.976623e-02 -2.595844e-20
1.977569e-02 -2.723936e-20
1.978515e-02 -2.792706e-20
1.979460e-02 -2.816708e-20
1.980406e-02 -2.813224e-20
1.981352e-02 -2.800584e-20
1.982298e-02 -2.796538e-20
1.983243e-02 -2.816780e-20
1.984189e-02 -2.873765e-20
1.985135e-02 -2.975855e-20
1.986081e-02 -3.126878e-20
1.987026e-02 -3.326081e-20
1.987972e-02 -3.568503e-20
1.988918e-02 -3.845663e-20
1.989864e-02 -4.146555e-20
1.990809e-02 -4.458768e-20
1.991755e-02 -4.769700e-20
1.992701e-02 -5.067662e-20
1.993647e-02 -5.342871e-20
1.994592e-02 -5.588134e-20
1.995538e-02 -5.799309e-20
1.996484e-02 -5.975355e-20
1.997430e-02 -6.118222e-20
1.998375e-02 -6.232312e-20
1.999321e-02 -6.324000e-20
2.000267e-02 -6.400730e-20
2.001213e-02 -6.470540e-20
2.002158e-02 -6.540911e-20
2.003104e-02 -6.619022e-20
